x,y,time,keys,pressed,sofar
310,287,6909,,"[0, 0, 0, 0, 0, 0, 0, 0]",0
310,287,6992,,"[0, 0, 0, 0, 0, 0, 0, 0]",0
310,287,7009,,"[0, 0, 0, 0, 0, 0, 0, 0]",0
310,287,7026,,"[0, 0, 0, 0, 0, 0, 0, 0]",0
310,287,7042,,"[0, 0, 0, 0, 0, 0, 0, 0]",0
310,287,7059,,"[0, 0, 0, 0, 0, 0, 0, 0]",0
310,287,7076,,"[0, 0, 0, 0, 0, 0, 0, 0]",0
310,287,7092,,"[0, 0, 0, 0, 0, 0, 0, 0]",0
310,287,7109,,"[0, 0, 0, 0, 0, 0, 0, 0]",0
310,287,7126,,"[0, 0, 0, 0, 0, 0, 0, 0]",0
310,287,7142,,"[0, 0, 0, 0, 0, 0, 0, 0]",0
310,287,7159,,"[0, 0, 0, 0, 0, 0, 0, 0]",0
310,287,7176,,"[0, 0, 0, 0, 0, 0, 0, 0]",0
310,287,7192,,"[0, 0, 0, 0, 0, 0, 0, 0]",0
310,287,7209,,"[0, 0, 0, 0, 0, 0, 0, 0]",0
310,287,7226,,"[0, 0, 0, 0, 0, 0, 0, 0]",0
310,287,7242,,"[0, 0, 0, 0, 0, 0, 0, 0]",0
310,287,7259,,"[0, 0, 0, 0, 0, 0, 0, 0]",0
310,287,7276,,"[0, 0, 0, 0, 0, 0, 0, 0]",0
310,287,7292,,"[0, 0, 0, 0, 0, 0, 0, 0]",0
310,287,7309,,"[0, 0, 0, 0, 0, 0, 0, 0]",0
310,287,7326,,"[0, 0, 0, 0, 0, 0, 0, 0]",0
310,287,7342,,"[0, 0, 0, 0, 0, 0, 0, 0]",0
310,287,7359,,"[0, 0, 0, 0, 0, 0, 0, 0]",0
310,287,7376,,"[0, 0, 0, 0, 0, 0, 0, 0]",0
310,287,7392,,"[0, 0, 0, 0, 0, 0, 0, 0]",0
310,287,7409,,"[0, 0, 0, 0, 0, 0, 0, 0]",0
310,287,7426,,"[0, 0, 0, 0, 0, 0, 0, 0]",0
310,287,7442,,"[0, 0, 0, 0, 0, 0, 0, 0]",0
310,287,7459,,"[0, 0, 0, 0, 0, 0, 0, 0]",0
310,287,7476,,"[0, 0, 0, 0, 0, 0, 0, 0]",0
310,287,7492,,"[0, 0, 0, 0, 0, 0, 0, 0]",0
310,287,7509,,"[0, 0, 0, 0, 0, 0, 0, 0]",0
310,287,7526,,"[0, 0, 0, 0, 0, 0, 0, 0]",0
310,287,7542,,"[0, 0, 0, 0, 0, 0, 0, 0]",0
310,287,7559,,"[0, 0, 0, 0, 0, 0, 0, 0]",0
310,287,7576,,"[0, 0, 0, 0, 0, 0, 0, 0]",0
310,287,7592,,"[0, 0, 0, 0, 0, 0, 0, 0]",0
310,287,7609,,"[0, 0, 0, 0, 0, 0, 0, 0]",0
310,287,7626,,"[0, 0, 0, 0, 0, 0, 0, 0]",0
310,287,7642,,"[0, 0, 0, 0, 0, 0, 0, 0]",0
310,287,7659,,"[0, 0, 0, 0, 0, 0, 0, 0]",0
310,287,7676,,"[0, 0, 0, 0, 0, 0, 0, 0]",0
310,287,7692,,"[0, 0, 0, 0, 0, 0, 0, 0]",0
310,287,7709,,"[0, 0, 0, 0, 0, 0, 0, 0]",0
310,287,7726,,"[0, 0, 0, 0, 0, 0, 0, 0]",0
310,287,7742,,"[0, 0, 0, 0, 0, 0, 0, 0]",0
310,287,7759,,"[0, 0, 0, 0, 0, 0, 0, 0]",0
310,287,7776,,"[0, 0, 0, 0, 0, 0, 0, 0]",0
310,287,7792,,"[0, 0, 0, 0, 0, 0, 0, 0]",0
310,287,7809,,"[0, 0, 0, 0, 0, 0, 0, 0]",0
310,287,7826,,"[0, 0, 0, 0, 0, 0, 0, 0]",0
310,287,7842,,"[0, 0, 0, 0, 0, 0, 0, 0]",0
310,287,7859,,"[0, 0, 0, 0, 0, 0, 0, 0]",0
310,287,7876,,"[0, 0, 0, 0, 0, 0, 0, 0]",0
310,287,7909,,"[0, 0, 0, 0, 0, 0, 0, 0]",0
310,287,7926,,"[0, 0, 0, 0, 0, 0, 0, 0]",0
310,287,7942,,"[0, 0, 0, 0, 0, 0, 0, 0]",0
310,287,7959,,"[0, 0, 0, 0, 0, 0, 0, 0]",0
310,287,7976,,"[0, 0, 0, 0, 0, 0, 0, 0]",0
310,287,7992,,"[0, 0, 0, 0, 0, 0, 0, 0]",0
310,287,8009,,"[0, 0, 0, 0, 0, 0, 0, 0]",0
310,287,8026,,"[0, 0, 0, 0, 0, 0, 0, 0]",0
310,287,8042,,"[0, 0, 0, 0, 0, 0, 0, 0]",0
310,287,8059,,"[0, 0, 0, 0, 0, 0, 0, 0]",0
310,287,8076,,"[0, 0, 0, 0, 0, 0, 0, 0]",0
310,287,8092,,"[0, 0, 0, 0, 0, 0, 0, 0]",0
310,287,8109,,"[0, 0, 0, 0, 0, 0, 0, 0]",0
310,287,8126,,"[0, 0, 0, 0, 0, 0, 0, 0]",0
310,287,8142,,"[0, 0, 0, 0, 0, 0, 0, 0]",0
310,287,8159,,"[0, 0, 0, 0, 0, 0, 0, 0]",0
310,287,8176,,"[0, 0, 0, 0, 0, 0, 0, 0]",0
310,287,8192,,"[0, 0, 0, 0, 0, 0, 0, 0]",0
310,287,8209,,"[0, 0, 0, 0, 0, 0, 0, 0]",0
310,287,8226,,"[0, 0, 0, 0, 0, 0, 0, 0]",0
310,287,8242,,"[0, 0, 0, 0, 0, 0, 0, 0]",0
310,287,8259,,"[0, 0, 0, 0, 0, 0, 0, 0]",0
310,287,8276,,"[0, 0, 0, 0, 0, 0, 0, 0]",0
310,287,8292,,"[0, 0, 0, 0, 0, 0, 0, 0]",0
310,287,8309,,"[0, 0, 0, 0, 0, 0, 0, 0]",0
310,287,8326,,"[0, 0, 0, 0, 0, 0, 0, 0]",0
310,287,8342,,"[0, 0, 0, 0, 0, 0, 0, 0]",0
310,287,8359,,"[0, 0, 0, 0, 0, 0, 0, 0]",0
310,287,8376,,"[0, 0, 0, 0, 0, 0, 0, 0]",0
310,287,8392,,"[0, 0, 0, 0, 0, 0, 0, 0]",0
310,287,8409,,"[0, 0, 0, 0, 0, 0, 0, 0]",0
310,287,8426,,"[0, 0, 0, 0, 0, 0, 0, 0]",0
310,287,8442,,"[0, 0, 0, 0, 0, 0, 0, 0]",0
310,287,8459,,"[0, 0, 0, 0, 0, 0, 0, 0]",0
310,287,8476,,"[0, 0, 0, 0, 0, 0, 0, 0]",0
310,287,8492,,"[0, 0, 0, 0, 0, 0, 0, 0]",0
310,287,8509,,"[0, 0, 0, 0, 0, 0, 0, 0]",0
310,287,8526,,"[0, 0, 0, 0, 0, 0, 0, 0]",0
310,287,8542,,"[0, 0, 0, 0, 0, 0, 0, 0]",0
310,287,8559,,"[0, 0, 0, 0, 0, 0, 0, 0]",0
310,287,8576,,"[0, 0, 0, 0, 0, 0, 0, 0]",0
310,287,8592,,"[0, 0, 0, 0, 0, 0, 0, 0]",0
310,287,8609,,"[0, 0, 0, 0, 0, 0, 0, 0]",0
310,287,8626,,"[0, 0, 0, 0, 0, 0, 0, 0]",0
310,287,8642,,"[0, 0, 0, 0, 0, 0, 0, 0]",0
310,287,8659,,"[0, 0, 0, 0, 0, 0, 0, 0]",0
310,287,8676,,"[0, 0, 0, 0, 0, 0, 0, 0]",0
310,287,8692,,"[0, 0, 0, 0, 0, 0, 0, 0]",0
310,287,8709,,"[0, 0, 0, 0, 0, 0, 0, 0]",0
310,287,8726,,"[0, 0, 0, 0, 0, 0, 0, 0]",0
310,287,8742,,"[0, 0, 0, 0, 0, 0, 0, 0]",0
310,287,8759,,"[0, 0, 0, 0, 0, 0, 0, 0]",0
310,287,8776,,"[0, 0, 0, 0, 0, 0, 0, 0]",0
310,287,8792,,"[0, 0, 0, 0, 0, 0, 0, 0]",0
310,287,8809,,"[0, 0, 0, 0, 0, 0, 0, 0]",0
310,287,8826,,"[0, 0, 0, 0, 0, 0, 0, 0]",0
310,287,8842,,"[0, 0, 0, 0, 0, 0, 0, 0]",0
310,287,8859,,"[0, 0, 0, 0, 0, 0, 0, 0]",0
310,287,8876,,"[0, 0, 0, 0, 0, 0, 0, 0]",0
310,287,8892,,"[0, 0, 0, 0, 0, 0, 0, 0]",0
310,287,8909,,"[0, 0, 0, 0, 0, 0, 0, 0]",0
310,287,8926,,"[0, 0, 0, 0, 0, 0, 0, 0]",0
310,287,8942,,"[0, 0, 0, 0, 0, 0, 0, 0]",0
310,287,8959,,"[0, 0, 0, 0, 0, 0, 0, 0]",0
310,287,8976,,"[0, 0, 0, 0, 0, 0, 0, 0]",0
310,287,8992,,"[0, 0, 0, 0, 0, 0, 0, 0]",0
310,287,9009,,"[0, 0, 0, 0, 0, 0, 0, 0]",0
310,287,9026,,"[0, 0, 0, 0, 0, 0, 0, 0]",0
310,287,9042,,"[0, 0, 0, 0, 0, 0, 0, 0]",0
310,287,9059,,"[0, 0, 0, 0, 0, 0, 0, 0]",0
310,287,9076,,"[0, 0, 0, 0, 0, 0, 0, 0]",0
310,287,9092,,"[0, 0, 0, 0, 0, 0, 0, 0]",0
310,287,9109,,"[0, 0, 0, 0, 0, 0, 0, 0]",0
310,287,9126,,"[0, 0, 0, 0, 0, 0, 0, 0]",0
310,287,9142,,"[0, 0, 0, 0, 0, 0, 0, 0]",0
310,287,9159,,"[0, 0, 0, 0, 0, 0, 0, 0]",0
310,287,9176,,"[0, 0, 0, 0, 0, 0, 0, 0]",0
310,287,9192,,"[0, 0, 0, 0, 0, 0, 0, 0]",0
310,287,9209,,"[0, 0, 0, 0, 0, 0, 0, 0]",0
310,287,9226,,"[0, 0, 0, 0, 0, 0, 0, 0]",0
310,287,9242,,"[0, 0, 0, 0, 0, 0, 0, 0]",0
310,287,9259,,"[0, 0, 0, 0, 0, 0, 0, 0]",0
310,287,9276,,"[0, 0, 0, 0, 0, 0, 0, 0]",0
310,287,9292,,"[0, 0, 0, 0, 0, 0, 0, 0]",0
310,287,9309,,"[0, 0, 0, 0, 0, 0, 0, 0]",0
310,287,9326,,"[0, 0, 0, 0, 0, 0, 0, 0]",0
310,287,9342,,"[0, 0, 0, 0, 0, 0, 0, 0]",0
310,287,9359,,"[0, 0, 0, 0, 0, 0, 0, 0]",0
310,287,9376,,"[0, 0, 0, 0, 0, 0, 0, 0]",0
310,287,9392,,"[0, 0, 0, 0, 0, 0, 0, 0]",0
310,287,9409,,"[0, 0, 0, 0, 0, 0, 0, 0]",0
310,287,9426,,"[0, 0, 0, 0, 0, 0, 0, 0]",0
310,287,9442,,"[0, 0, 0, 0, 0, 0, 0, 0]",0
310,287,9459,,"[0, 0, 0, 0, 0, 0, 0, 0]",0
310,287,9476,,"[0, 0, 0, 0, 0, 0, 0, 0]",0
310,287,9492,,"[0, 0, 0, 0, 0, 0, 0, 0]",0
310,287,9509,,"[0, 0, 0, 0, 0, 0, 0, 0]",0
310,287,9526,,"[0, 0, 0, 0, 0, 0, 0, 0]",0
310,287,9542,,"[0, 0, 0, 0, 0, 0, 0, 0]",0
310,287,9559,,"[0, 0, 0, 0, 0, 0, 0, 0]",0
310,287,9576,,"[0, 0, 0, 0, 0, 0, 0, 0]",0
310,287,9592,,"[0, 0, 0, 0, 0, 0, 0, 0]",0
310,287,9609,,"[0, 0, 0, 0, 0, 0, 0, 0]",0
310,287,9626,,"[0, 0, 0, 0, 0, 0, 0, 0]",0
310,287,9642,,"[0, 0, 0, 0, 0, 0, 0, 0]",0
310,287,9659,,"[0, 0, 0, 0, 0, 0, 0, 0]",0
310,287,9676,,"[0, 0, 0, 0, 0, 0, 0, 0]",0
310,287,9692,,"[0, 0, 0, 0, 0, 0, 0, 0]",0
310,287,9709,,"[0, 0, 0, 0, 0, 0, 0, 0]",0
310,287,9726,,"[0, 0, 0, 0, 0, 0, 0, 0]",0
310,287,9742,,"[0, 0, 0, 0, 0, 0, 0, 0]",0
310,287,9759,,"[0, 0, 0, 0, 0, 0, 0, 0]",0
310,287,9776,,"[0, 0, 0, 0, 0, 0, 0, 0]",0
310,287,9792,,"[0, 0, 0, 0, 0, 0, 0, 0]",0
310,287,9809,,"[0, 0, 0, 0, 0, 0, 0, 0]",0
310,287,9826,,"[0, 0, 0, 0, 0, 0, 0, 0]",0
310,287,9842,,"[0, 0, 0, 0, 0, 0, 0, 0]",0
310,287,9859,,"[0, 0, 0, 0, 0, 0, 0, 0]",0
310,287,9876,,"[0, 0, 0, 0, 0, 0, 0, 0]",0
310,287,9892,,"[0, 0, 0, 0, 0, 0, 0, 0]",0
310,287,9909,,"[0, 0, 0, 0, 0, 0, 0, 0]",0
310,287,9926,,"[0, 0, 0, 0, 0, 0, 0, 0]",0
310,287,9942,,"[0, 0, 0, 0, 0, 0, 0, 0]",0
310,287,9959,,"[0, 0, 0, 0, 0, 0, 0, 0]",0
310,287,9976,,"[0, 0, 0, 0, 0, 0, 0, 0]",0
310,287,9992,,"[0, 0, 0, 0, 0, 0, 0, 0]",0
310,287,10009,,"[0, 0, 0, 0, 0, 0, 0, 0]",0
310,287,10026,,"[0, 0, 0, 0, 0, 0, 0, 0]",0
310,287,10042,,"[0, 0, 0, 0, 0, 0, 0, 0]",0
310,287,10059,,"[0, 0, 0, 0, 0, 0, 0, 0]",0
310,287,10076,,"[0, 0, 0, 0, 0, 0, 0, 0]",0
310,287,10092,,"[0, 0, 0, 0, 0, 0, 0, 0]",0
310,287,10109,,"[0, 0, 0, 0, 0, 0, 0, 0]",0
310,287,10126,,"[0, 0, 0, 0, 0, 0, 0, 0]",0
310,287,10142,,"[0, 0, 0, 0, 0, 0, 0, 0]",0
310,287,10159,,"[0, 0, 0, 0, 0, 0, 0, 0]",0
310,287,10176,,"[0, 0, 0, 0, 0, 0, 0, 0]",0
310,287,10192,,"[0, 0, 0, 0, 0, 0, 0, 0]",0
310,287,10209,,"[0, 0, 0, 0, 0, 0, 0, 0]",0
310,287,10226,,"[0, 0, 0, 0, 0, 0, 0, 0]",0
310,287,10242,,"[0, 0, 0, 0, 0, 0, 0, 0]",0
310,287,10259,,"[0, 0, 0, 0, 0, 0, 0, 0]",0
310,287,10276,,"[0, 0, 0, 0, 0, 0, 0, 0]",0
310,287,10292,,"[0, 0, 0, 0, 0, 0, 0, 0]",0
310,287,10309,,"[0, 0, 0, 0, 0, 0, 0, 0]",0
310,287,10326,,"[0, 0, 0, 0, 0, 0, 0, 0]",0
310,287,10342,,"[0, 0, 0, 0, 0, 0, 0, 0]",0
310,287,10359,,"[0, 0, 0, 0, 0, 0, 0, 0]",0
310,287,10376,,"[0, 0, 0, 0, 0, 0, 0, 0]",0
310,287,10392,,"[0, 0, 0, 0, 0, 0, 0, 0]",0
310,287,10409,,"[0, 0, 0, 0, 0, 0, 0, 0]",0
310,287,10426,,"[0, 0, 0, 0, 0, 0, 0, 0]",0
310,287,10442,,"[0, 0, 0, 0, 0, 0, 0, 0]",0
310,287,10459,,"[0, 0, 0, 0, 0, 0, 0, 0]",0
310,287,10476,,"[0, 0, 0, 0, 0, 0, 0, 0]",0
310,287,10492,,"[0, 0, 0, 0, 0, 0, 0, 0]",0
310,287,10509,,"[0, 0, 0, 0, 0, 0, 0, 0]",0
310,287,10526,,"[0, 0, 0, 0, 0, 0, 0, 0]",0
310,287,10542,,"[0, 0, 0, 0, 0, 0, 0, 0]",0
310,287,10559,,"[0, 0, 0, 0, 0, 0, 0, 0]",0
310,287,10576,,"[0, 0, 0, 0, 0, 0, 0, 0]",0
310,287,10592,,"[0, 0, 0, 0, 0, 0, 0, 0]",0
310,287,10609,,"[0, 0, 0, 0, 0, 0, 0, 0]",0
310,287,10626,,"[0, 0, 0, 0, 0, 0, 0, 0]",0
310,287,10642,,"[0, 0, 0, 0, 0, 0, 0, 0]",0
310,287,10659,,"[0, 0, 0, 0, 0, 0, 0, 0]",0
310,287,10676,,"[0, 0, 0, 0, 0, 0, 0, 0]",0
310,287,10692,,"[0, 0, 0, 0, 0, 0, 0, 0]",0
310,287,10709,,"[0, 0, 0, 0, 0, 0, 0, 0]",0
310,287,10726,,"[0, 0, 0, 0, 0, 0, 0, 0]",0
310,287,10742,,"[0, 0, 0, 0, 0, 0, 0, 0]",0
310,287,10759,,"[0, 0, 0, 0, 0, 0, 0, 0]",0
310,287,10776,,"[0, 0, 0, 0, 0, 0, 0, 0]",0
310,287,10792,,"[0, 0, 0, 0, 0, 0, 0, 0]",0
310,287,10809,,"[0, 0, 0, 0, 0, 0, 0, 0]",0
310,287,10826,,"[0, 0, 0, 0, 0, 0, 0, 0]",0
310,287,10842,,"[0, 0, 0, 0, 0, 0, 0, 0]",0
310,287,10859,,"[0, 0, 0, 0, 0, 0, 0, 0]",0
310,287,10876,,"[0, 0, 0, 0, 0, 0, 0, 0]",0
310,287,10892,,"[0, 0, 0, 0, 0, 0, 0, 0]",0
310,287,10909,,"[0, 0, 0, 0, 0, 0, 0, 0]",0
310,287,10926,,"[0, 0, 0, 0, 0, 0, 0, 0]",0
310,287,10942,,"[0, 0, 0, 0, 0, 0, 0, 0]",0
310,287,10959,,"[0, 0, 0, 0, 0, 0, 0, 0]",0
310,287,10976,,"[0, 0, 0, 0, 0, 0, 0, 0]",0
310,287,10992,,"[0, 0, 0, 0, 0, 0, 0, 0]",0
310,287,11009,,"[0, 0, 0, 0, 0, 0, 0, 0]",0
310,287,11026,,"[0, 0, 0, 0, 0, 0, 0, 0]",0
310,287,11042,,"[0, 0, 0, 0, 0, 0, 0, 0]",0
310,287,11059,,"[0, 0, 0, 0, 0, 0, 0, 0]",0
310,287,11076,,"[0, 0, 0, 0, 0, 0, 0, 0]",0
310,287,11092,,"[0, 0, 0, 0, 0, 0, 0, 0]",0
310,287,11109,,"[0, 0, 0, 0, 0, 0, 0, 0]",0
310,287,11126,,"[0, 0, 0, 0, 0, 0, 0, 0]",0
310,287,11142,,"[0, 0, 0, 0, 0, 0, 0, 0]",0
310,287,11159,,"[0, 0, 0, 0, 0, 0, 0, 0]",0
310,287,11176,,"[0, 0, 0, 0, 0, 0, 0, 0]",0
310,287,11192,,"[0, 0, 0, 0, 0, 0, 0, 0]",0
310,287,11209,,"[0, 0, 0, 0, 0, 0, 0, 0]",0
310,287,11226,,"[0, 0, 0, 0, 0, 0, 0, 0]",0
310,287,11242,,"[0, 0, 0, 0, 0, 0, 0, 0]",0
310,287,11259,,"[0, 0, 0, 0, 0, 0, 0, 0]",0
310,287,11276,,"[0, 0, 0, 0, 0, 0, 0, 0]",0
310,287,11292,,"[0, 0, 0, 0, 0, 0, 0, 0]",0
310,287,11309,,"[0, 0, 0, 0, 0, 0, 0, 0]",0
310,287,11326,,"[0, 0, 0, 0, 0, 0, 0, 0]",0
310,287,11342,,"[0, 0, 0, 0, 0, 0, 0, 0]",0
310,287,11359,,"[0, 0, 0, 0, 0, 0, 0, 0]",0
310,287,11376,,"[0, 0, 0, 0, 0, 0, 0, 0]",0
310,287,11392,,"[0, 0, 0, 0, 0, 0, 0, 0]",0
310,287,11409,,"[0, 0, 0, 0, 0, 0, 0, 0]",0
310,287,11426,,"[0, 0, 0, 0, 0, 0, 0, 0]",0
310,287,11442,,"[0, 0, 0, 0, 0, 0, 0, 0]",0
310,287,11459,,"[0, 0, 0, 0, 0, 0, 0, 0]",0
310,287,11476,,"[0, 0, 0, 0, 0, 0, 0, 0]",0
310,287,11492,,"[0, 0, 0, 0, 0, 0, 0, 0]",0
310,287,11509,,"[0, 0, 0, 0, 0, 0, 0, 0]",0
310,287,11526,,"[0, 0, 0, 0, 0, 0, 0, 0]",0
310,287,11542,,"[0, 0, 0, 0, 0, 0, 0, 0]",0
310,287,11559,,"[0, 0, 0, 0, 0, 0, 0, 0]",0
310,287,11576,,"[0, 0, 0, 0, 0, 0, 0, 0]",0
310,287,11592,,"[0, 0, 0, 0, 0, 0, 0, 0]",0
310,287,11609,,"[0, 0, 0, 0, 0, 0, 0, 0]",0
310,287,11626,,"[0, 0, 0, 0, 0, 0, 0, 0]",0
310,287,11642,,"[0, 0, 0, 0, 0, 0, 0, 0]",0
310,287,11659,,"[0, 0, 0, 0, 0, 0, 0, 0]",0
310,287,11676,,"[0, 0, 0, 0, 0, 0, 0, 0]",0
310,287,11692,,"[0, 0, 0, 0, 0, 0, 0, 0]",0
310,287,11709,,"[0, 0, 0, 0, 0, 0, 0, 0]",0
310,287,11726,,"[0, 0, 0, 0, 0, 0, 0, 0]",0
310,287,11742,,"[0, 0, 0, 0, 0, 0, 0, 0]",0
310,287,11759,,"[0, 0, 0, 0, 0, 0, 0, 0]",0
310,287,11776,,"[0, 0, 0, 0, 0, 0, 0, 0]",0
310,287,11792,,"[0, 0, 0, 0, 0, 0, 0, 0]",0
310,287,11809,,"[0, 0, 0, 0, 0, 0, 0, 0]",0
310,287,11826,,"[0, 0, 0, 0, 0, 0, 0, 0]",0
310,287,11842,,"[0, 0, 0, 0, 0, 0, 0, 0]",0
310,287,11859,,"[0, 0, 0, 0, 0, 0, 0, 0]",0
310,287,11876,,"[0, 0, 0, 0, 0, 0, 0, 0]",0
310,287,11892,,"[0, 0, 0, 0, 0, 0, 0, 0]",0
310,287,11909,,"[0, 0, 0, 0, 0, 0, 0, 0]",0
310,287,11926,,"[0, 0, 0, 0, 0, 0, 0, 0]",0
310,287,11942,,"[0, 0, 0, 0, 0, 0, 0, 0]",0
310,287,11959,,"[0, 0, 0, 0, 0, 0, 0, 0]",0
310,287,11976,,"[0, 0, 0, 0, 0, 0, 0, 0]",0
310,287,11992,,"[0, 0, 0, 0, 0, 0, 0, 0]",0
310,287,12009,,"[0, 0, 0, 0, 0, 0, 0, 0]",0
310,287,12026,,"[0, 0, 0, 0, 0, 0, 0, 0]",0
310,287,12042,,"[0, 0, 0, 0, 0, 0, 0, 0]",0
310,287,12059,,"[0, 0, 0, 0, 0, 0, 0, 0]",0
310,287,12076,,"[0, 0, 0, 0, 0, 0, 0, 0]",0
310,287,12092,,"[0, 0, 0, 0, 0, 0, 0, 0]",0
310,287,12109,,"[0, 0, 0, 0, 0, 0, 0, 0]",0
310,287,12126,,"[0, 0, 0, 0, 0, 0, 0, 0]",0
310,287,12142,,"[0, 0, 0, 0, 0, 0, 0, 0]",0
310,287,12159,,"[0, 0, 0, 0, 0, 0, 0, 0]",0
310,287,12176,,"[0, 0, 0, 0, 0, 0, 0, 0]",0
310,287,12192,,"[0, 0, 0, 0, 0, 0, 0, 0]",0
310,287,12209,,"[0, 0, 0, 0, 0, 0, 0, 0]",0
310,287,12226,,"[0, 0, 0, 0, 0, 0, 0, 0]",0
310,287,12242,,"[0, 0, 0, 0, 0, 0, 0, 0]",0
310,287,12259,,"[0, 0, 0, 0, 0, 0, 0, 0]",0
310,287,12276,,"[0, 0, 0, 0, 0, 0, 0, 0]",0
310,287,12292,,"[0, 0, 0, 0, 0, 0, 0, 0]",0
310,287,12309,,"[0, 0, 0, 0, 0, 0, 0, 0]",0
310,287,12326,,"[0, 0, 0, 0, 0, 0, 0, 0]",0
310,287,12342,,"[0, 0, 0, 0, 0, 0, 0, 0]",0
310,287,12359,,"[0, 0, 0, 0, 0, 0, 0, 0]",0
310,287,12376,,"[0, 0, 0, 0, 0, 0, 0, 0]",0
310,287,12392,,"[0, 0, 0, 0, 0, 0, 0, 0]",0
310,287,12409,,"[0, 0, 0, 0, 0, 0, 0, 0]",0
310,287,12426,,"[0, 0, 0, 0, 0, 0, 0, 0]",0
310,287,12442,,"[0, 0, 0, 0, 0, 0, 0, 0]",0
310,287,12459,,"[0, 0, 0, 0, 0, 0, 0, 0]",0
310,287,12476,,"[0, 0, 0, 0, 0, 0, 0, 0]",0
310,287,12492,,"[0, 0, 0, 0, 0, 0, 0, 0]",0
310,287,12509,,"[0, 0, 0, 0, 0, 0, 0, 0]",0
310,287,12526,,"[0, 0, 0, 0, 0, 0, 0, 0]",0
310,287,12542,,"[0, 0, 0, 0, 0, 0, 0, 0]",0
310,287,12559,,"[0, 0, 0, 0, 0, 0, 0, 0]",0
310,287,12576,,"[0, 0, 0, 0, 0, 0, 0, 0]",0
310,287,12592,,"[0, 0, 0, 0, 0, 0, 0, 0]",0
310,287,12609,,"[0, 0, 0, 0, 0, 0, 0, 0]",0
310,287,12626,,"[0, 0, 0, 0, 0, 0, 0, 0]",0
310,287,12642,,"[0, 0, 0, 0, 0, 0, 0, 0]",0
310,287,12659,,"[0, 0, 0, 0, 0, 0, 0, 0]",0
310,287,12676,,"[0, 0, 0, 0, 0, 0, 0, 0]",0
310,287,12692,,"[0, 0, 0, 0, 0, 0, 0, 0]",0
310,287,12709,,"[0, 0, 0, 0, 0, 0, 0, 0]",0
310,287,12726,,"[0, 0, 0, 0, 0, 0, 0, 0]",0
310,287,12742,,"[0, 0, 0, 0, 0, 0, 0, 0]",0
310,287,12759,,"[0, 0, 0, 0, 0, 0, 0, 0]",0
310,287,12776,,"[0, 0, 0, 0, 0, 0, 0, 0]",0
310,287,12792,,"[0, 0, 0, 0, 0, 0, 0, 0]",0
310,287,12809,,"[0, 0, 0, 0, 0, 0, 0, 0]",0
310,287,12826,,"[0, 0, 0, 0, 0, 0, 0, 0]",0
310,287,12842,,"[0, 0, 0, 0, 0, 0, 0, 0]",0
310,287,12859,,"[0, 0, 0, 0, 0, 0, 0, 0]",0
310,287,12876,,"[0, 0, 0, 0, 0, 0, 0, 0]",0
310,287,12892,,"[0, 0, 0, 0, 0, 0, 0, 0]",0
310,287,12909,u,"[0, 0, 0, 0, 0, 0, 0, 0]",0
310,287,12926,u,"[0, 0, 0, 0, 0, 0, 0, 0]",0
310,286,12942,u,"[0, 0, 0, 0, 0, 0, 0, 0]",0
310,285,12959,u,"[0, 0, 0, 0, 0, 0, 0, 0]",0
310,285,12976,u,"[0, 0, 0, 0, 0, 0, 0, 0]",0
310,284,12992,u,"[0, 0, 0, 0, 0, 0, 0, 0]",0
310,283,13009,,"[0, 0, 0, 0, 0, 0, 0, 0]",0
310,282,13026,,"[0, 0, 0, 0, 0, 0, 0, 0]",0
310,282,13042,,"[0, 0, 0, 0, 0, 0, 0, 0]",0
310,282,13059,,"[0, 0, 0, 0, 0, 0, 0, 0]",0
310,282,13076,,"[0, 0, 0, 0, 0, 0, 0, 0]",0
310,282,13092,,"[0, 0, 0, 0, 0, 0, 0, 0]",0
310,282,13109,,"[0, 0, 0, 0, 0, 0, 0, 0]",0
310,282,13126,,"[0, 0, 0, 0, 0, 0, 0, 0]",0
310,282,13142,,"[0, 0, 0, 0, 0, 0, 0, 0]",0
310,282,13159,,"[0, 0, 0, 0, 0, 0, 0, 0]",0
310,282,13176,,"[0, 0, 0, 0, 0, 0, 0, 0]",0
310,282,13192,,"[0, 0, 0, 0, 0, 0, 0, 0]",0
310,282,13209,,"[0, 0, 0, 0, 0, 0, 0, 0]",0
310,282,13226,,"[0, 0, 0, 0, 0, 0, 0, 0]",0
310,282,13242,,"[0, 0, 0, 0, 0, 0, 0, 0]",0
310,282,13276,,"[0, 0, 0, 0, 0, 0, 0, 0]",0
310,282,13292,l,"[0, 0, 0, 0, 0, 0, 0, 0]",0
310,282,13309,l,"[0, 0, 0, 0, 0, 0, 0, 0]",0
309,282,13326,l,"[0, 0, 0, 0, 0, 0, 0, 0]",0
308,282,13342,l,"[0, 0, 0, 0, 0, 0, 0, 0]",0
308,282,13359,l,"[0, 0, 0, 0, 0, 0, 0, 0]",0
307,282,13376,l,"[0, 0, 0, 0, 0, 0, 0, 0]",0
306,282,13392,l,"[0, 0, 0, 0, 0, 0, 0, 0]",0
305,282,13409,l,"[0, 0, 0, 0, 0, 0, 0, 0]",0
304,282,13426,,"[0, 0, 0, 0, 0, 0, 0, 0]",0
303,282,13442,,"[0, 0, 0, 0, 0, 0, 0, 0]",0
303,282,13459,,"[0, 0, 0, 0, 0, 0, 0, 0]",0
303,282,13476,,"[0, 0, 0, 0, 0, 0, 0, 0]",0
303,282,13492,,"[0, 0, 0, 0, 0, 0, 0, 0]",0
303,282,13509,,"[0, 0, 0, 0, 0, 0, 0, 0]",0
303,282,13526,,"[0, 0, 0, 0, 0, 0, 0, 0]",0
303,282,13542,,"[0, 0, 0, 0, 0, 0, 0, 0]",0
303,282,13559,,"[0, 0, 0, 0, 0, 0, 0, 0]",0
303,282,13576,,"[0, 0, 0, 0, 0, 0, 0, 0]",0
303,282,13592,,"[0, 0, 0, 0, 0, 0, 0, 0]",0
303,282,13609,,"[0, 0, 0, 0, 0, 0, 0, 0]",0
303,282,13626,,"[0, 0, 0, 0, 0, 0, 0, 0]",0
303,282,13642,,"[0, 0, 0, 0, 0, 0, 0, 0]",0
303,282,13659,,"[0, 0, 0, 0, 0, 0, 0, 0]",0
303,282,13676,,"[0, 0, 0, 0, 0, 0, 0, 0]",0
303,282,13692,d,"[0, 0, 0, 0, 0, 0, 0, 0]",0
303,282,13709,d,"[0, 0, 0, 0, 0, 0, 0, 0]",0
303,283,13726,d,"[0, 0, 0, 0, 0, 0, 0, 0]",0
303,284,13742,d,"[0, 0, 0, 0, 0, 0, 0, 0]",0
303,285,13759,d,"[0, 0, 0, 0, 0, 0, 0, 0]",0
303,285,13776,d,"[0, 0, 0, 0, 0, 0, 0, 0]",0
303,286,13792,d,"[0, 0, 0, 0, 0, 0, 0, 0]",0
303,287,13809,d,"[0, 0, 0, 0, 0, 0, 0, 0]",0
303,288,13826,d,"[0, 0, 0, 0, 0, 0, 0, 0]",0
303,289,13842,d,"[0, 0, 0, 0, 0, 0, 0, 0]",0
303,289,13859,d,"[0, 0, 0, 0, 0, 0, 0, 0]",0
303,290,13876,d,"[0, 0, 0, 0, 0, 0, 0, 0]",0
303,291,13892,d,"[0, 0, 0, 0, 0, 0, 0, 0]",0
303,292,13909,d,"[0, 0, 0, 0, 0, 0, 0, 0]",0
303,293,13926,d,"[0, 0, 0, 0, 0, 0, 0, 0]",0
303,294,13942,d,"[0, 0, 0, 0, 0, 0, 0, 0]",0
303,294,13959,,"[0, 0, 0, 0, 0, 0, 0, 0]",0
303,295,13976,,"[0, 0, 0, 0, 0, 0, 0, 0]",0
303,295,13992,,"[0, 0, 0, 0, 0, 0, 0, 0]",0
303,295,14009,,"[0, 0, 0, 0, 0, 0, 0, 0]",0
303,295,14026,,"[0, 0, 0, 0, 0, 0, 0, 0]",0
303,295,14042,,"[0, 0, 0, 0, 0, 0, 0, 0]",0
303,295,14059,,"[0, 0, 0, 0, 0, 0, 0, 0]",0
303,295,14075,,"[0, 0, 0, 0, 0, 0, 0, 0]",0
303,295,14092,,"[0, 0, 0, 0, 0, 0, 0, 0]",0
303,295,14109,,"[0, 0, 0, 0, 0, 0, 0, 0]",0
303,295,14125,,"[0, 0, 0, 0, 0, 0, 0, 0]",0
303,295,14142,,"[0, 0, 0, 0, 0, 0, 0, 0]",0
303,295,14159,,"[0, 0, 0, 0, 0, 0, 0, 0]",0
303,295,14175,,"[0, 0, 0, 0, 0, 0, 0, 0]",0
303,295,14192,,"[0, 0, 0, 0, 0, 0, 0, 0]",0
303,295,14209,,"[0, 0, 0, 0, 0, 0, 0, 0]",0
303,295,14225,,"[0, 0, 0, 0, 0, 0, 0, 0]",0
303,295,14242,,"[0, 0, 0, 0, 0, 0, 0, 0]",0
303,295,14259,,"[0, 0, 0, 0, 0, 0, 0, 0]",0
303,295,14275,,"[0, 0, 0, 0, 0, 0, 0, 0]",0
303,295,14292,r,"[0, 0, 0, 0, 0, 0, 0, 0]",0
303,295,14309,r,"[0, 0, 0, 0, 0, 0, 0, 0]",0
304,295,14325,r,"[0, 0, 0, 0, 0, 0, 0, 0]",0
305,295,14342,dr,"[0, 0, 0, 0, 0, 0, 0, 0]",0
306,295,14359,dr,"[0, 0, 0, 0, 0, 0, 0, 0]",0
306,296,14375,dr,"[0, 0, 0, 0, 0, 0, 0, 0]",0
306,297,14392,dr,"[0, 0, 0, 0, 0, 0, 0, 0]",0
306,298,14409,dr,"[0, 0, 0, 0, 0, 0, 0, 0]",0
306,299,14425,dr,"[0, 0, 0, 0, 0, 0, 0, 0]",0
306,299,14442,dr,"[0, 0, 0, 0, 0, 0, 0, 0]",0
306,300,14459,dr,"[0, 0, 0, 0, 0, 0, 0, 0]",0
306,301,14475,dr,"[0, 0, 0, 0, 0, 0, 0, 0]",0
306,302,14492,dr,"[0, 0, 0, 0, 0, 0, 0, 0]",0
306,303,14509,dr,"[0, 0, 0, 0, 0, 0, 0, 0]",0
306,304,14525,dr,"[0, 0, 0, 0, 0, 0, 0, 0]",0
306,304,14542,dr,"[0, 0, 0, 0, 0, 0, 0, 0]",0
306,305,14559,dr,"[0, 0, 0, 0, 0, 0, 0, 0]",0
306,306,14575,dr,"[0, 0, 0, 0, 0, 0, 0, 0]",0
306,307,14592,dr,"[0, 0, 0, 0, 0, 0, 0, 0]",0
306,308,14609,r,"[0, 0, 0, 0, 0, 0, 0, 0]",0
306,309,14625,r,"[0, 0, 0, 0, 0, 0, 0, 0]",0
307,309,14642,r,"[0, 0, 0, 0, 0, 0, 0, 0]",0
308,309,14659,r,"[0, 0, 0, 0, 0, 0, 0, 0]",0
308,309,14675,r,"[0, 0, 0, 0, 0, 0, 0, 0]",0
309,309,14692,r,"[0, 0, 0, 0, 0, 0, 0, 0]",0
310,309,14709,r,"[0, 0, 0, 0, 0, 0, 0, 0]",0
311,309,14725,r,"[0, 0, 0, 0, 0, 0, 0, 0]",0
312,309,14742,r,"[0, 0, 0, 0, 0, 0, 0, 0]",0
312,309,14759,r,"[0, 0, 0, 0, 0, 0, 0, 0]",0
313,309,14775,r,"[0, 0, 0, 0, 0, 0, 0, 0]",0
314,309,14792,r,"[0, 0, 0, 0, 0, 0, 0, 0]",0
315,309,14809,r,"[0, 0, 0, 0, 0, 0, 0, 0]",0
316,309,14825,r,"[0, 0, 0, 0, 0, 0, 0, 0]",0
317,309,14842,r,"[0, 0, 0, 0, 0, 0, 0, 0]",0
317,309,14859,r,"[0, 0, 0, 0, 0, 0, 0, 0]",0
318,309,14875,r,"[0, 0, 0, 0, 0, 0, 0, 0]",0
319,309,14892,r,"[0, 0, 0, 0, 0, 0, 0, 0]",0
320,309,14909,r,"[0, 0, 0, 0, 0, 0, 0, 0]",0
321,309,14925,r,"[0, 0, 0, 0, 0, 0, 0, 0]",0
322,309,14942,r,"[0, 0, 0, 0, 0, 0, 0, 0]",0
322,309,14959,r,"[0, 0, 0, 0, 0, 0, 0, 0]",0
323,309,14975,r,"[0, 0, 0, 0, 0, 0, 0, 0]",0
324,309,14992,r,"[0, 0, 0, 0, 0, 0, 0, 0]",0
325,309,15009,r,"[0, 0, 0, 0, 0, 0, 0, 0]",0
326,309,15025,r,"[0, 0, 0, 0, 0, 0, 0, 0]",0
327,309,15042,r,"[0, 0, 0, 0, 0, 0, 0, 0]",0
327,309,15059,r,"[0, 0, 0, 0, 0, 0, 0, 0]",0
328,309,15075,r,"[0, 0, 0, 0, 0, 0, 0, 0]",0
329,309,15092,r,"[0, 0, 0, 0, 0, 0, 0, 0]",0
330,309,15109,r,"[0, 0, 0, 0, 0, 0, 0, 0]",0
331,309,15125,r,"[0, 0, 0, 0, 0, 0, 0, 0]",0
332,309,15142,r,"[0, 0, 0, 0, 0, 0, 0, 0]",0
332,309,15159,r,"[0, 0, 0, 0, 0, 0, 0, 0]",0
333,309,15175,r,"[0, 0, 0, 0, 0, 0, 0, 0]",0
334,309,15192,r,"[0, 0, 0, 0, 0, 0, 0, 0]",0
335,309,15209,r,"[0, 0, 0, 0, 0, 0, 0, 0]",0
336,309,15225,r,"[0, 0, 0, 0, 0, 0, 0, 0]",0
337,309,15242,r,"[0, 0, 0, 0, 0, 0, 0, 0]",0
337,309,15259,r,"[0, 0, 0, 0, 0, 0, 0, 0]",0
338,309,15275,r,"[0, 0, 0, 0, 0, 0, 0, 0]",0
339,309,15292,r,"[0, 0, 0, 0, 0, 0, 0, 0]",0
340,309,15309,r,"[0, 0, 0, 0, 0, 0, 0, 0]",0
341,309,15325,r,"[0, 0, 0, 0, 0, 0, 0, 0]",0
342,309,15342,r,"[0, 0, 0, 0, 0, 0, 0, 0]",0
342,309,15359,r,"[0, 0, 0, 0, 0, 0, 0, 0]",0
343,309,15375,r,"[0, 0, 0, 0, 0, 0, 0, 0]",0
344,309,15392,r,"[0, 0, 0, 0, 0, 0, 0, 0]",0
345,309,15409,r,"[0, 0, 0, 0, 0, 0, 0, 0]",0
346,309,15425,r,"[0, 0, 0, 0, 0, 0, 0, 0]",0
347,309,15442,r,"[0, 0, 0, 0, 0, 0, 0, 0]",0
347,309,15459,r,"[0, 0, 0, 0, 0, 0, 0, 0]",0
348,309,15475,r,"[0, 0, 0, 0, 0, 0, 0, 0]",0
349,309,15492,r,"[0, 0, 0, 0, 0, 0, 0, 0]",0
350,309,15509,r,"[0, 0, 0, 0, 0, 0, 0, 0]",0
351,309,15525,r,"[0, 0, 0, 0, 0, 0, 0, 0]",0
352,309,15542,r,"[0, 0, 0, 0, 0, 0, 0, 0]",0
352,309,15559,r,"[0, 0, 0, 0, 0, 0, 0, 0]",0
353,309,15575,r,"[0, 0, 0, 0, 0, 0, 0, 0]",0
354,309,15592,r,"[0, 0, 0, 0, 0, 0, 0, 0]",0
355,309,15609,r,"[0, 0, 0, 0, 0, 0, 0, 0]",0
356,309,15625,r,"[0, 0, 0, 0, 0, 0, 0, 0]",0
357,309,15642,r,"[0, 0, 0, 0, 0, 0, 0, 0]",0
357,309,15659,r,"[0, 0, 0, 0, 0, 0, 0, 0]",0
358,309,15675,,"[0, 0, 0, 0, 0, 0, 0, 0]",0
359,309,15692,,"[0, 0, 0, 0, 0, 0, 0, 0]",0
359,309,15709,,"[0, 0, 0, 0, 0, 0, 0, 0]",0
359,309,15725,,"[0, 0, 0, 0, 0, 0, 0, 0]",0
359,309,15742,,"[0, 0, 0, 0, 0, 0, 0, 0]",0
359,309,15759,,"[0, 0, 0, 0, 0, 0, 0, 0]",0
359,309,15775,,"[0, 0, 0, 0, 0, 0, 0, 0]",0
359,309,15792,,"[0, 0, 0, 0, 0, 0, 0, 0]",0
359,309,15809,,"[0, 0, 0, 0, 0, 0, 0, 0]",0
359,309,15825,,"[0, 0, 0, 0, 0, 0, 0, 0]",0
359,309,15842,,"[0, 0, 0, 0, 0, 0, 0, 0]",0
359,309,15859,,"[0, 0, 0, 0, 0, 0, 0, 0]",0
359,309,15875,,"[0, 0, 0, 0, 0, 0, 0, 0]",0
359,309,15892,,"[0, 0, 0, 0, 0, 0, 0, 0]",0
359,309,15909,,"[0, 0, 0, 0, 0, 0, 0, 0]",0
359,309,15925,,"[0, 0, 0, 0, 0, 0, 0, 0]",0
359,309,15942,,"[0, 0, 0, 0, 0, 0, 0, 0]",0
359,309,15959,,"[0, 0, 0, 0, 0, 0, 0, 0]",0
359,309,15975,,"[0, 0, 0, 0, 0, 0, 0, 0]",0
359,309,15992,,"[0, 0, 0, 0, 0, 0, 0, 0]",0
359,309,16009,,"[0, 0, 0, 0, 0, 0, 0, 0]",0
359,309,16025,,"[0, 0, 0, 0, 0, 0, 0, 0]",0
359,309,16042,,"[0, 0, 0, 0, 0, 0, 0, 0]",0
359,309,16059,,"[0, 0, 0, 0, 0, 0, 0, 0]",0
359,309,16075,,"[0, 0, 0, 0, 0, 0, 0, 0]",0
359,309,16092,,"[0, 0, 0, 0, 0, 0, 0, 0]",0
359,309,16109,,"[0, 0, 0, 0, 0, 0, 0, 0]",0
359,309,16125,,"[0, 0, 0, 0, 0, 0, 0, 0]",0
359,309,16142,,"[0, 0, 0, 0, 0, 0, 0, 0]",0
359,309,16159,,"[0, 0, 0, 0, 0, 0, 0, 0]",0
359,309,16175,,"[0, 0, 0, 0, 0, 0, 0, 0]",0
359,309,16192,,"[0, 0, 0, 0, 0, 0, 0, 0]",0
359,309,16209,,"[0, 0, 0, 0, 0, 0, 0, 0]",0
359,309,16225,,"[0, 0, 0, 0, 0, 0, 0, 0]",0
359,309,16242,,"[0, 0, 0, 0, 0, 0, 0, 0]",0
359,309,16259,,"[0, 0, 0, 0, 0, 0, 0, 0]",0
359,309,16275,,"[0, 0, 0, 0, 0, 0, 0, 0]",0
359,309,16292,,"[0, 0, 0, 0, 0, 0, 0, 0]",0
359,309,16309,,"[0, 0, 0, 0, 0, 0, 0, 0]",0
359,309,16325,,"[0, 0, 0, 0, 0, 0, 0, 0]",0
359,309,16342,,"[0, 0, 0, 0, 0, 0, 0, 0]",0
359,309,16359,,"[0, 0, 0, 0, 0, 0, 0, 0]",0
359,309,16375,d,"[0, 0, 0, 0, 0, 0, 0, 0]",0
359,309,16392,d,"[0, 0, 0, 0, 0, 0, 0, 0]",0
359,309,16409,d,"[0, 0, 0, 0, 0, 0, 0, 0]",0
359,310,16425,d,"[0, 0, 0, 0, 0, 0, 0, 0]",0
359,311,16442,d,"[0, 0, 0, 0, 0, 0, 0, 0]",0
359,312,16459,d,"[0, 0, 0, 0, 0, 0, 0, 0]",0
359,313,16475,d,"[0, 0, 0, 0, 0, 0, 0, 0]",0
359,314,16492,d,"[0, 0, 0, 0, 0, 0, 0, 0]",0
359,314,16509,d,"[0, 0, 0, 0, 0, 0, 0, 0]",0
359,315,16525,Rd,"[0, 0, 0, 0, 0, 0, 0, 0]",0
359,316,16542,R,"[0, 0, 0, 0, 0, 0, 0, 0]",0
359,317,16559,R,"[0, 0, 0, 0, 0, 0, 0, 0]",0
360,317,16575,R,"[0, 0, 0, 0, 0, 0, 0, 0]",0
361,317,16592,R,"[0, 0, 0, 0, 0, 0, 0, 0]",0
362,317,16609,R,"[0, 0, 0, 0, 0, 0, 0, 0]",0
362,317,16625,R,"[0, 0, 0, 0, 0, 0, 0, 0]",0
363,317,16642,R,"[0, 0, 0, 0, 0, 0, 0, 0]",0
364,317,16659,DR,"[0, 0, 0, 0, 0, 0, 0, 0]",0
365,317,16675,DR,"[0, 0, 0, 0, 0, 0, 0, 0]",0
365,318,16692,D,"[0, 0, 0, 0, 0, 0, 0, 0]",0
365,319,16709,D,"[0, 0, 0, 0, 0, 0, 0, 0]",0
365,319,16725,D,"[0, 0, 0, 0, 0, 0, 0, 0]",0
365,320,16742,D,"[0, 0, 0, 0, 0, 0, 0, 0]",0
365,321,16759,D,"[0, 0, 0, 0, 0, 0, 0, 0]",0
365,322,16775,D,"[0, 0, 0, 0, 0, 0, 0, 0]",0
365,323,16792,D,"[0, 0, 0, 0, 0, 0, 0, 0]",0
365,324,16809,DR,"[0, 0, 0, 0, 0, 0, 0, 0]",0
365,324,16825,R,"[0, 0, 0, 0, 0, 0, 0, 0]",0
365,325,16842,R,"[0, 0, 0, 0, 0, 0, 0, 0]",0
366,325,16859,R,"[0, 0, 0, 0, 0, 0, 0, 0]",0
367,325,16875,R,"[0, 0, 0, 0, 0, 0, 0, 0]",0
367,325,16892,R,"[0, 0, 0, 0, 0, 0, 0, 0]",0
368,325,16909,R,"[0, 0, 0, 0, 0, 0, 0, 0]",0
369,325,16925,R,"[0, 0, 0, 0, 0, 0, 0, 0]",0
370,325,16942,,"[0, 0, 0, 0, 0, 0, 0, 0]",0
371,325,16959,,"[0, 0, 0, 0, 0, 0, 0, 0]",0
371,325,16975,,"[0, 0, 0, 0, 0, 0, 0, 0]",0
371,325,16992,,"[0, 0, 0, 0, 0, 0, 0, 0]",0
371,325,17009,,"[0, 0, 0, 0, 0, 0, 0, 0]",0
371,325,17025,,"[0, 0, 0, 0, 0, 0, 0, 0]",0
371,325,17042,,"[0, 0, 0, 0, 0, 0, 0, 0]",0
371,325,17059,,"[0, 0, 0, 0, 0, 0, 0, 0]",0
371,325,17075,,"[0, 0, 0, 0, 0, 0, 0, 0]",0
371,325,17092,,"[0, 0, 0, 0, 0, 0, 0, 0]",0
371,325,17109,,"[0, 0, 0, 0, 0, 0, 0, 0]",0
371,325,17125,,"[0, 0, 0, 0, 0, 0, 0, 0]",0
371,325,17142,,"[0, 0, 0, 0, 0, 0, 0, 0]",0
371,325,17159,,"[0, 0, 0, 0, 0, 0, 0, 0]",0
371,325,17175,,"[0, 0, 0, 0, 0, 0, 0, 0]",0
371,325,17192,,"[0, 0, 0, 0, 0, 0, 0, 0]",0
371,325,17209,,"[0, 0, 0, 0, 0, 0, 0, 0]",0
371,325,17225,,"[0, 0, 0, 0, 0, 0, 0, 0]",0
371,325,17242,,"[0, 0, 0, 0, 0, 0, 0, 0]",0
371,325,17259,,"[0, 0, 0, 0, 0, 0, 0, 0]",0
371,325,17275,,"[0, 0, 0, 0, 0, 0, 0, 0]",0
371,325,17292,,"[0, 0, 0, 0, 0, 0, 0, 0]",0
371,325,17309,,"[0, 0, 0, 0, 0, 0, 0, 0]",0
371,325,17325,,"[0, 0, 0, 0, 0, 0, 0, 0]",0
371,325,17342,,"[0, 0, 0, 0, 0, 0, 0, 0]",0
371,325,17359,,"[0, 0, 0, 0, 0, 0, 0, 0]",0
371,325,17375,,"[0, 0, 0, 0, 0, 0, 0, 0]",0
371,325,17392,,"[0, 0, 0, 0, 0, 0, 0, 0]",0
371,325,17409,,"[0, 0, 0, 0, 0, 0, 0, 0]",0
371,325,17425,,"[0, 0, 0, 0, 0, 0, 0, 0]",0
371,325,17442,,"[0, 0, 0, 0, 0, 0, 0, 0]",0
371,325,17459,,"[0, 0, 0, 0, 0, 0, 0, 0]",0
371,325,17475,,"[0, 0, 0, 0, 0, 0, 0, 0]",0
371,325,17492,,"[0, 0, 0, 0, 0, 0, 0, 0]",0
371,325,17509,,"[0, 0, 0, 0, 0, 0, 0, 0]",0
371,325,17525,,"[0, 0, 0, 0, 0, 0, 0, 0]",0
371,325,17542,,"[0, 0, 0, 0, 0, 0, 0, 0]",0
371,325,17559,,"[0, 0, 0, 0, 0, 0, 0, 0]",0
371,325,17575,,"[0, 0, 0, 0, 0, 0, 0, 0]",0
371,325,17592,,"[0, 0, 0, 0, 0, 0, 0, 0]",0
371,325,17609,,"[0, 0, 0, 0, 0, 0, 0, 0]",0
371,325,17625,,"[0, 0, 0, 0, 0, 0, 0, 0]",0
371,325,17642,,"[0, 0, 0, 0, 0, 0, 0, 0]",0
371,325,17659,,"[0, 0, 0, 0, 0, 0, 0, 0]",0
371,325,17675,r,"[0, 0, 0, 0, 0, 0, 0, 0]",0
371,325,17692,r,"[0, 0, 0, 0, 0, 0, 0, 0]",0
372,325,17709,r,"[0, 0, 0, 0, 0, 0, 0, 0]",0
372,325,17725,r,"[0, 0, 0, 0, 0, 0, 0, 0]",0
373,325,17742,r,"[0, 0, 0, 0, 0, 0, 0, 0]",0
374,325,17759,r,"[0, 0, 0, 0, 0, 0, 0, 0]",0
375,325,17775,r,"[0, 0, 0, 0, 0, 0, 0, 0]",0
376,325,17792,r,"[0, 0, 0, 0, 0, 0, 0, 0]",0
377,325,17809,r,"[0, 0, 0, 0, 0, 0, 0, 0]",0
377,325,17825,ur,"[0, 0, 0, 0, 0, 0, 0, 0]",0
378,325,17842,ur,"[0, 0, 0, 0, 0, 0, 0, 0]",0
378,324,17859,ur,"[0, 0, 0, 0, 0, 0, 0, 0]",0
378,324,17875,ur,"[0, 0, 0, 0, 0, 0, 0, 0]",0
378,323,17892,ur,"[0, 0, 0, 0, 0, 0, 0, 0]",0
378,322,17909,ur,"[0, 0, 0, 0, 0, 0, 0, 0]",0
378,321,17925,ur,"[0, 0, 0, 0, 0, 0, 0, 0]",0
378,320,17942,ur,"[0, 0, 0, 0, 0, 0, 0, 0]",0
378,319,17959,ur,"[0, 0, 0, 0, 0, 0, 0, 0]",0
378,319,17975,ur,"[0, 0, 0, 0, 0, 0, 0, 0]",0
378,318,17992,ur,"[0, 0, 0, 0, 0, 0, 0, 0]",0
378,317,18009,ur,"[0, 0, 0, 0, 0, 0, 0, 0]",0
378,316,18025,ur,"[0, 0, 0, 0, 0, 0, 0, 0]",0
378,315,18042,ur,"[0, 0, 0, 0, 0, 0, 0, 0]",0
378,314,18059,ur,"[0, 0, 0, 0, 0, 0, 0, 0]",0
378,314,18075,ur,"[0, 0, 0, 0, 0, 0, 0, 0]",0
378,313,18092,ur,"[0, 0, 0, 0, 0, 0, 0, 0]",0
378,312,18109,ur,"[0, 0, 0, 0, 0, 0, 0, 0]",0
378,311,18125,ur,"[0, 0, 0, 0, 0, 0, 0, 0]",0
378,310,18142,ur,"[0, 0, 0, 0, 0, 0, 0, 0]",0
378,309,18175,ur,"[0, 0, 0, 0, 0, 0, 0, 0]",0
378,309,18192,ur,"[0, 0, 0, 0, 0, 0, 0, 0]",0
378,308,18209,ur,"[0, 0, 0, 0, 0, 0, 0, 0]",0
378,307,18225,ur,"[0, 0, 0, 0, 0, 0, 0, 0]",0
378,306,18242,r,"[0, 0, 0, 0, 0, 0, 0, 0]",0
378,305,18259,r,"[0, 0, 0, 0, 0, 0, 0, 0]",0
379,305,18275,r,"[0, 0, 0, 0, 0, 0, 0, 0]",0
380,305,18292,r,"[0, 0, 0, 0, 0, 0, 0, 0]",0
381,305,18309,r,"[0, 0, 0, 0, 0, 0, 0, 0]",0
382,305,18325,r,"[0, 0, 0, 0, 0, 0, 0, 0]",0
382,305,18342,r,"[0, 0, 0, 0, 0, 0, 0, 0]",0
383,305,18359,r,"[0, 0, 0, 0, 0, 0, 0, 0]",0
384,305,18375,,"[0, 0, 0, 0, 0, 0, 0, 0]",0
385,305,18392,,"[0, 0, 0, 0, 0, 0, 0, 0]",0
385,305,18409,,"[0, 0, 0, 0, 0, 0, 0, 0]",0
385,305,18425,,"[0, 0, 0, 0, 0, 0, 0, 0]",0
385,305,18442,,"[0, 0, 0, 0, 0, 0, 0, 0]",0
385,305,18459,,"[0, 0, 0, 0, 0, 0, 0, 0]",0
385,305,18475,,"[0, 0, 0, 0, 0, 0, 0, 0]",0
385,305,18492,,"[0, 0, 0, 0, 0, 0, 0, 0]",0
385,305,18509,,"[0, 0, 0, 0, 0, 0, 0, 0]",0
385,305,18525,,"[0, 0, 0, 0, 0, 0, 0, 0]",0
385,305,18542,r,"[0, 0, 0, 0, 0, 0, 0, 0]",0
385,305,18559,r,"[0, 0, 0, 0, 0, 0, 0, 0]",0
386,305,18575,r,"[0, 0, 0, 0, 0, 0, 0, 0]",0
387,305,18592,r,"[0, 0, 0, 0, 0, 0, 0, 0]",0
387,305,18609,r,"[0, 0, 0, 0, 0, 0, 0, 0]",0
388,305,18625,r,"[0, 0, 0, 0, 0, 0, 0, 0]",0
389,305,18642,r,"[0, 0, 0, 0, 0, 0, 0, 0]",0
390,305,18659,r,"[0, 0, 0, 0, 0, 0, 0, 0]",0
391,305,18675,r,"[0, 0, 0, 0, 0, 0, 0, 0]",0
392,305,18692,r,"[0, 0, 0, 0, 0, 0, 0, 0]",0
392,305,18709,r,"[0, 0, 0, 0, 0, 0, 0, 0]",0
393,305,18725,r,"[0, 0, 0, 0, 0, 0, 0, 0]",0
394,305,18742,r,"[0, 0, 0, 0, 0, 0, 0, 0]",0
395,305,18759,r,"[0, 0, 0, 0, 0, 0, 0, 0]",0
396,305,18775,r,"[0, 0, 0, 0, 0, 0, 0, 0]",0
397,305,18792,r,"[0, 0, 0, 0, 0, 0, 0, 0]",0
397,305,18809,r,"[0, 0, 0, 0, 0, 0, 0, 0]",0
398,305,18825,r,"[0, 0, 0, 0, 0, 0, 0, 0]",0
399,305,18842,r,"[0, 0, 0, 0, 0, 0, 0, 0]",0
400,305,18859,r,"[0, 0, 0, 0, 0, 0, 0, 0]",0
401,305,18875,r,"[0, 0, 0, 0, 0, 0, 0, 0]",0
402,305,18892,ur,"[0, 0, 0, 0, 0, 0, 0, 0]",0
402,305,18909,ur,"[0, 0, 0, 0, 0, 0, 0, 0]",0
402,304,18925,ur,"[0, 0, 0, 0, 0, 0, 0, 0]",0
402,304,18942,ur,"[0, 0, 0, 0, 0, 0, 0, 0]",0
402,303,18959,ur,"[0, 0, 0, 0, 0, 0, 0, 0]",0
402,302,18975,ur,"[0, 0, 0, 0, 0, 0, 0, 0]",0
402,301,18992,ur,"[0, 0, 0, 0, 0, 0, 0, 0]",0
402,300,19009,ur,"[0, 0, 0, 0, 0, 0, 0, 0]",0
402,299,19025,ur,"[0, 0, 0, 0, 0, 0, 0, 0]",0
402,299,19042,u,"[0, 0, 0, 0, 0, 0, 0, 0]",0
402,298,19059,u,"[0, 0, 0, 0, 0, 0, 0, 0]",0
402,297,19075,u,"[0, 0, 0, 0, 0, 0, 0, 0]",0
402,296,19092,u,"[0, 0, 0, 0, 0, 0, 0, 0]",0
402,295,19109,u,"[0, 0, 0, 0, 0, 0, 0, 0]",0
402,294,19125,u,"[0, 0, 0, 0, 0, 0, 0, 0]",0
402,294,19142,u,"[0, 0, 0, 0, 0, 0, 0, 0]",0
402,293,19159,u,"[0, 0, 0, 0, 0, 0, 0, 0]",0
402,292,19175,u,"[0, 0, 0, 0, 0, 0, 0, 0]",0
402,291,19192,u,"[0, 0, 0, 0, 0, 0, 0, 0]",0
402,290,19209,u,"[0, 0, 0, 0, 0, 0, 0, 0]",0
402,289,19225,u,"[0, 0, 0, 0, 0, 0, 0, 0]",0
402,289,19242,u,"[0, 0, 0, 0, 0, 0, 0, 0]",0
402,288,19259,u,"[0, 0, 0, 0, 0, 0, 0, 0]",0
402,287,19275,u,"[0, 0, 0, 0, 0, 0, 0, 0]",0
402,286,19292,u,"[0, 0, 0, 0, 0, 0, 0, 0]",0
402,285,19309,u,"[0, 0, 0, 0, 0, 0, 0, 0]",0
402,285,19325,u,"[0, 0, 0, 0, 0, 0, 0, 0]",0
402,284,19342,u,"[0, 0, 0, 0, 0, 0, 0, 0]",0
402,283,19359,u,"[0, 0, 0, 0, 0, 0, 0, 0]",0
402,282,19375,u,"[0, 0, 0, 0, 0, 0, 0, 0]",0
402,281,19392,u,"[0, 0, 0, 0, 0, 0, 0, 0]",0
402,280,19409,u,"[0, 0, 0, 0, 0, 0, 0, 0]",0
402,280,19425,u,"[0, 0, 0, 0, 0, 0, 0, 0]",0
402,279,19442,u,"[0, 0, 0, 0, 0, 0, 0, 0]",0
402,278,19459,u,"[0, 0, 0, 0, 0, 0, 0, 0]",0
402,277,19475,u,"[0, 0, 0, 0, 0, 0, 0, 0]",0
402,276,19492,u,"[0, 0, 0, 0, 0, 0, 0, 0]",0
402,275,19509,u,"[0, 0, 0, 0, 0, 0, 0, 0]",0
402,275,19525,u,"[0, 0, 0, 0, 0, 0, 0, 0]",0
402,274,19542,u,"[0, 0, 0, 0, 0, 0, 0, 0]",0
402,273,19559,u,"[0, 0, 0, 0, 0, 0, 0, 0]",0
402,272,19575,u,"[0, 0, 0, 0, 0, 0, 0, 0]",0
402,271,19592,u,"[0, 0, 0, 0, 0, 0, 0, 0]",0
402,270,19609,u,"[0, 0, 0, 0, 0, 0, 0, 0]",0
402,270,19625,u,"[0, 0, 0, 0, 0, 0, 0, 0]",0
402,269,19642,u,"[0, 0, 0, 0, 0, 0, 0, 0]",0
402,268,19659,u,"[0, 0, 0, 0, 0, 0, 0, 0]",0
402,267,19675,u,"[0, 0, 0, 0, 0, 0, 0, 0]",0
402,266,19692,u,"[0, 0, 0, 0, 0, 0, 0, 0]",0
402,265,19709,u,"[0, 0, 0, 0, 0, 0, 0, 0]",0
402,265,19725,u,"[0, 0, 0, 0, 0, 0, 0, 0]",0
402,264,19742,u,"[0, 0, 0, 0, 0, 0, 0, 0]",0
402,263,19759,u,"[0, 0, 0, 0, 0, 0, 0, 0]",0
402,262,19775,u,"[0, 0, 0, 0, 0, 0, 0, 0]",0
402,261,19792,u,"[0, 0, 0, 0, 0, 0, 0, 0]",0
402,260,19809,u,"[0, 0, 0, 0, 0, 0, 0, 0]",0
402,260,19825,u,"[0, 0, 0, 0, 0, 0, 0, 0]",0
402,259,19842,u,"[0, 0, 0, 0, 0, 0, 0, 0]",0
402,258,19859,u,"[0, 0, 0, 0, 0, 0, 0, 0]",0
402,257,19875,u,"[0, 0, 0, 0, 0, 0, 0, 0]",0
402,256,19892,u,"[0, 0, 0, 0, 0, 0, 0, 0]",0
402,255,19909,u,"[0, 0, 0, 0, 0, 0, 0, 0]",0
402,255,19925,u,"[0, 0, 0, 0, 0, 0, 0, 0]",0
402,254,19942,u,"[0, 0, 0, 0, 0, 0, 0, 0]",0
402,253,19959,u,"[0, 0, 0, 0, 0, 0, 0, 0]",0
402,252,19975,u,"[0, 0, 0, 0, 0, 0, 0, 0]",0
402,251,19992,u,"[0, 0, 0, 0, 0, 0, 0, 0]",0
402,250,20009,u,"[0, 0, 0, 0, 0, 0, 0, 0]",0
402,250,20025,u,"[0, 0, 0, 0, 0, 0, 0, 0]",0
402,249,20042,u,"[0, 0, 0, 0, 0, 0, 0, 0]",0
402,248,20059,u,"[0, 0, 0, 0, 0, 0, 0, 0]",0
402,247,20075,u,"[0, 0, 0, 0, 0, 0, 0, 0]",0
402,246,20092,u,"[0, 0, 0, 0, 0, 0, 0, 0]",0
402,245,20109,u,"[0, 0, 0, 0, 0, 0, 0, 0]",0
402,245,20125,u,"[0, 0, 0, 0, 0, 0, 0, 0]",0
402,244,20142,u,"[0, 0, 0, 0, 0, 0, 0, 0]",0
402,243,20159,u,"[0, 0, 0, 0, 0, 0, 0, 0]",0
402,242,20175,u,"[0, 0, 0, 0, 0, 0, 0, 0]",0
402,241,20192,u,"[0, 0, 0, 0, 0, 0, 0, 0]",0
402,240,20209,u,"[0, 0, 0, 0, 0, 0, 0, 0]",0
402,240,20225,u,"[0, 0, 0, 0, 0, 0, 0, 0]",0
402,239,20242,u,"[0, 0, 0, 0, 0, 0, 0, 0]",0
402,238,20259,u,"[0, 0, 0, 0, 0, 0, 0, 0]",0
402,237,20275,u,"[0, 0, 0, 0, 0, 0, 0, 0]",0
402,236,20292,u,"[0, 0, 0, 0, 0, 0, 0, 0]",0
402,235,20309,u,"[0, 0, 0, 0, 0, 0, 0, 0]",0
402,234,20325,u,"[0, 0, 0, 0, 0, 0, 0, 0]",0
402,234,20342,u,"[0, 0, 0, 0, 0, 0, 0, 0]",0
402,233,20359,u,"[0, 0, 0, 0, 0, 0, 0, 0]",0
402,232,20375,u,"[0, 0, 0, 0, 0, 0, 0, 0]",0
402,231,20392,u,"[0, 0, 0, 0, 0, 0, 0, 0]",0
402,230,20409,u,"[0, 0, 0, 0, 0, 0, 0, 0]",0
402,229,20425,u,"[0, 0, 0, 0, 0, 0, 0, 0]",0
402,229,20442,u,"[0, 0, 0, 0, 0, 0, 0, 0]",0
402,228,20459,u,"[0, 0, 0, 0, 0, 0, 0, 0]",0
402,227,20475,u,"[0, 0, 0, 0, 0, 0, 0, 0]",0
402,226,20492,u,"[0, 0, 0, 0, 0, 0, 0, 0]",0
402,225,20509,u,"[0, 0, 0, 0, 0, 0, 0, 0]",0
402,224,20525,u,"[0, 0, 0, 0, 0, 0, 0, 0]",0
402,224,20542,u,"[0, 0, 0, 0, 0, 0, 0, 0]",0
402,223,20559,u,"[0, 0, 0, 0, 0, 0, 0, 0]",0
402,222,20575,u,"[0, 0, 0, 0, 0, 0, 0, 0]",0
402,221,20592,u,"[0, 0, 0, 0, 0, 0, 0, 0]",0
402,220,20609,u,"[0, 0, 0, 0, 0, 0, 0, 0]",0
402,219,20625,u,"[0, 0, 0, 0, 0, 0, 0, 0]",0
402,219,20642,u,"[0, 0, 0, 0, 0, 0, 0, 0]",0
402,218,20659,u,"[0, 0, 0, 0, 0, 0, 0, 0]",0
402,217,20675,u,"[0, 0, 0, 0, 0, 0, 0, 0]",0
402,216,20692,u,"[0, 0, 0, 0, 0, 0, 0, 0]",0
402,215,20709,u,"[0, 0, 0, 0, 0, 0, 0, 0]",0
402,214,20725,u,"[0, 0, 0, 0, 0, 0, 0, 0]",0
402,214,20742,u,"[0, 0, 0, 0, 0, 0, 0, 0]",0
402,213,20759,u,"[0, 0, 0, 0, 0, 0, 0, 0]",0
402,212,20775,u,"[0, 0, 0, 0, 0, 0, 0, 0]",0
402,211,20792,u,"[0, 0, 0, 0, 0, 0, 0, 0]",0
402,210,20809,u,"[0, 0, 0, 0, 0, 0, 0, 0]",0
402,209,20825,u,"[0, 0, 0, 0, 0, 0, 0, 0]",0
402,209,20842,u,"[0, 0, 0, 0, 0, 0, 0, 0]",0
402,208,20859,u,"[0, 0, 0, 0, 0, 0, 0, 0]",0
402,207,20875,u,"[0, 0, 0, 0, 0, 0, 0, 0]",0
402,206,20892,u,"[0, 0, 0, 0, 0, 0, 0, 0]",0
402,205,20909,u,"[0, 0, 0, 0, 0, 0, 0, 0]",0
402,204,20925,u,"[0, 0, 0, 0, 0, 0, 0, 0]",0
402,204,20942,u,"[0, 0, 0, 0, 0, 0, 0, 0]",0
402,203,20959,u,"[0, 0, 0, 0, 0, 0, 0, 0]",0
402,202,20975,u,"[0, 0, 0, 0, 0, 0, 0, 0]",0
402,201,20992,u,"[0, 0, 0, 0, 0, 0, 0, 0]",0
402,200,21009,u,"[0, 0, 0, 0, 0, 0, 0, 0]",0
402,199,21025,u,"[0, 0, 0, 0, 0, 0, 0, 0]",0
402,199,21042,u,"[0, 0, 0, 0, 0, 0, 0, 0]",0
402,198,21059,u,"[0, 0, 0, 0, 0, 0, 0, 0]",0
402,197,21075,u,"[0, 0, 0, 0, 0, 0, 0, 0]",0
402,196,21092,u,"[0, 0, 0, 0, 0, 0, 0, 0]",0
402,195,21109,u,"[0, 0, 0, 0, 0, 0, 0, 0]",0
402,194,21125,u,"[0, 0, 0, 0, 0, 0, 0, 0]",0
402,194,21142,u,"[0, 0, 0, 0, 0, 0, 0, 0]",0
402,193,21175,u,"[0, 0, 0, 0, 0, 0, 0, 0]",0
402,192,21192,u,"[0, 0, 0, 0, 0, 0, 0, 0]",0
402,191,21209,u,"[0, 0, 0, 0, 0, 0, 0, 0]",0
402,190,21225,u,"[0, 0, 0, 0, 0, 0, 0, 0]",0
402,189,21242,u,"[0, 0, 0, 0, 0, 0, 0, 0]",0
402,189,21259,u,"[0, 0, 0, 0, 0, 0, 0, 0]",0
402,188,21275,u,"[0, 0, 0, 0, 0, 0, 0, 0]",0
402,187,21292,u,"[0, 0, 0, 0, 0, 0, 0, 0]",0
402,186,21309,u,"[0, 0, 0, 0, 0, 0, 0, 0]",0
402,185,21325,u,"[0, 0, 0, 0, 0, 0, 0, 0]",0
402,184,21342,u,"[0, 0, 0, 0, 0, 0, 0, 0]",0
402,184,21359,u,"[0, 0, 0, 0, 0, 0, 0, 0]",0
402,183,21375,u,"[0, 0, 0, 0, 0, 0, 0, 0]",0
402,182,21392,u,"[0, 0, 0, 0, 0, 0, 0, 0]",0
402,181,21409,u,"[0, 0, 0, 0, 0, 0, 0, 0]",0
402,180,21425,u,"[0, 0, 0, 0, 0, 0, 0, 0]",0
402,179,21442,u,"[0, 0, 0, 0, 0, 0, 0, 0]",0
402,179,21459,u,"[0, 0, 0, 0, 0, 0, 0, 0]",0
402,178,21475,u,"[0, 0, 0, 0, 0, 0, 0, 0]",0
402,177,21492,u,"[0, 0, 0, 0, 0, 0, 0, 0]",0
402,176,21509,u,"[0, 0, 0, 0, 0, 0, 0, 0]",0
402,175,21525,u,"[0, 0, 0, 0, 0, 0, 0, 0]",0
402,174,21542,u,"[0, 0, 0, 0, 0, 0, 0, 0]",0
402,174,21559,u,"[0, 0, 0, 0, 0, 0, 0, 0]",0
402,173,21575,u,"[0, 0, 0, 0, 0, 0, 0, 0]",0
402,172,21592,u,"[0, 0, 0, 0, 0, 0, 0, 0]",0
402,171,21609,u,"[0, 0, 0, 0, 0, 0, 0, 0]",0
402,170,21625,u,"[0, 0, 0, 0, 0, 0, 0, 0]",0
402,169,21642,u,"[0, 0, 0, 0, 0, 0, 0, 0]",0
402,169,21659,u,"[0, 0, 0, 0, 0, 0, 0, 0]",0
402,168,21675,u,"[0, 0, 0, 0, 0, 0, 0, 0]",0
402,167,21692,u,"[0, 0, 0, 0, 0, 0, 0, 0]",0
402,166,21709,u,"[0, 0, 0, 0, 0, 0, 0, 0]",0
402,165,21725,u,"[0, 0, 0, 0, 0, 0, 0, 0]",0
402,164,21742,u,"[0, 0, 0, 0, 0, 0, 0, 0]",0
402,164,21759,u,"[0, 0, 0, 0, 0, 0, 0, 0]",0
402,163,21775,u,"[0, 0, 0, 0, 0, 0, 0, 0]",0
402,162,21792,u,"[0, 0, 0, 0, 0, 0, 0, 0]",0
402,161,21809,u,"[0, 0, 0, 0, 0, 0, 0, 0]",0
402,160,21825,u,"[0, 0, 0, 0, 0, 0, 0, 0]",0
402,159,21842,ul,"[0, 0, 0, 0, 0, 0, 0, 0]",0
402,159,21859,ul,"[0, 0, 0, 0, 0, 0, 0, 0]",0
402,158,21875,ul,"[0, 0, 0, 0, 0, 0, 0, 0]",0
402,157,21892,ul,"[0, 0, 0, 0, 0, 0, 0, 0]",0
402,156,21909,ul,"[0, 0, 0, 0, 0, 0, 0, 0]",0
402,155,21925,ul,"[0, 0, 0, 0, 0, 0, 0, 0]",0
402,154,21942,ul,"[0, 0, 0, 0, 0, 0, 0, 0]",0
402,154,21959,ul,"[0, 0, 0, 0, 0, 0, 0, 0]",0
402,153,21975,ul,"[0, 0, 0, 0, 0, 0, 0, 0]",0
402,152,21992,ul,"[0, 0, 0, 0, 0, 0, 0, 0]",0
402,151,22009,ul,"[0, 0, 0, 0, 0, 0, 0, 0]",0
402,150,22025,u,"[0, 0, 0, 0, 0, 0, 0, 0]",0
402,149,22042,u,"[0, 0, 0, 0, 0, 0, 0, 0]",0
402,149,22059,u,"[0, 0, 0, 0, 0, 0, 0, 0]",0
402,148,22075,u,"[0, 0, 0, 0, 0, 0, 0, 0]",0
402,147,22092,u,"[0, 0, 0, 0, 0, 0, 0, 0]",0
402,146,22109,u,"[0, 0, 0, 0, 0, 0, 0, 0]",0
402,145,22125,u,"[0, 0, 0, 0, 0, 0, 0, 0]",0
402,144,22142,u,"[0, 0, 0, 0, 0, 0, 0, 0]",0
402,144,22159,u,"[0, 0, 0, 0, 0, 0, 0, 0]",0
402,143,22175,u,"[0, 0, 0, 0, 0, 0, 0, 0]",0
402,142,22192,u,"[0, 0, 0, 0, 0, 0, 0, 0]",0
402,141,22209,u,"[0, 0, 0, 0, 0, 0, 0, 0]",0
402,140,22225,u,"[0, 0, 0, 0, 0, 0, 0, 0]",0
402,139,22242,u,"[0, 0, 0, 0, 0, 0, 0, 0]",0
402,139,22259,u,"[0, 0, 0, 0, 0, 0, 0, 0]",0
402,138,22275,,"[0, 0, 0, 0, 0, 0, 0, 0]",0
402,137,22292,,"[0, 0, 0, 0, 0, 0, 0, 0]",0
402,137,22309,,"[0, 0, 0, 0, 0, 0, 0, 0]",0
402,137,22325,,"[0, 0, 0, 0, 0, 0, 0, 0]",0
402,137,22342,,"[0, 0, 0, 0, 0, 0, 0, 0]",0
402,137,22359,,"[0, 0, 0, 0, 0, 0, 0, 0]",0
402,137,22375,,"[0, 0, 0, 0, 0, 0, 0, 0]",0
402,137,22392,,"[0, 0, 0, 0, 0, 0, 0, 0]",0
402,137,22408,,"[0, 0, 0, 0, 0, 0, 0, 0]",0
402,137,22425,,"[0, 0, 0, 0, 0, 0, 0, 0]",0
402,137,22442,l,"[0, 0, 0, 0, 0, 0, 0, 0]",0
402,137,22458,l,"[0, 0, 0, 0, 0, 0, 0, 0]",0
402,137,22475,l,"[0, 0, 0, 0, 0, 0, 0, 0]",0
401,137,22492,l,"[0, 0, 0, 0, 0, 0, 0, 0]",0
400,137,22508,l,"[0, 0, 0, 0, 0, 0, 0, 0]",0
399,137,22525,l,"[0, 0, 0, 0, 0, 0, 0, 0]",0
398,137,22542,l,"[0, 0, 0, 0, 0, 0, 0, 0]",0
397,137,22558,l,"[0, 0, 0, 0, 0, 0, 0, 0]",0
397,137,22575,l,"[0, 0, 0, 0, 0, 0, 0, 0]",0
396,137,22592,l,"[0, 0, 0, 0, 0, 0, 0, 0]",0
395,137,22608,l,"[0, 0, 0, 0, 0, 0, 0, 0]",0
394,137,22625,l,"[0, 0, 0, 0, 0, 0, 0, 0]",0
393,137,22642,l,"[0, 0, 0, 0, 0, 0, 0, 0]",0
392,137,22658,l,"[0, 0, 0, 0, 0, 0, 0, 0]",0
392,137,22675,l,"[0, 0, 0, 0, 0, 0, 0, 0]",0
391,137,22692,l,"[0, 0, 0, 0, 0, 0, 0, 0]",0
390,137,22708,l,"[0, 0, 0, 0, 0, 0, 0, 0]",0
389,137,22725,l,"[0, 0, 0, 0, 0, 0, 0, 0]",0
388,137,22742,l,"[0, 0, 0, 0, 0, 0, 0, 0]",0
387,137,22758,l,"[0, 0, 0, 0, 0, 0, 0, 0]",0
387,137,22775,l,"[0, 0, 0, 0, 0, 0, 0, 0]",0
386,137,22792,l,"[0, 0, 0, 0, 0, 0, 0, 0]",0
385,137,22808,l,"[0, 0, 0, 0, 0, 0, 0, 0]",0
384,137,22825,l,"[0, 0, 0, 0, 0, 0, 0, 0]",0
383,137,22842,l,"[0, 0, 0, 0, 0, 0, 0, 0]",0
382,137,22858,l,"[0, 0, 0, 0, 0, 0, 0, 0]",0
382,137,22875,l,"[0, 0, 0, 0, 0, 0, 0, 0]",0
381,137,22892,l,"[0, 0, 0, 0, 0, 0, 0, 0]",0
380,137,22908,l,"[0, 0, 0, 0, 0, 0, 0, 0]",0
379,137,22925,l,"[0, 0, 0, 0, 0, 0, 0, 0]",0
378,137,22942,l,"[0, 0, 0, 0, 0, 0, 0, 0]",0
377,137,22958,l,"[0, 0, 0, 0, 0, 0, 0, 0]",0
377,137,22975,l,"[0, 0, 0, 0, 0, 0, 0, 0]",0
376,137,22992,l,"[0, 0, 0, 0, 0, 0, 0, 0]",0
375,137,23008,l,"[0, 0, 0, 0, 0, 0, 0, 0]",0
374,137,23025,l,"[0, 0, 0, 0, 0, 0, 0, 0]",0
373,137,23042,l,"[0, 0, 0, 0, 0, 0, 0, 0]",0
372,137,23058,l,"[0, 0, 0, 0, 0, 0, 0, 0]",0
372,137,23075,l,"[0, 0, 0, 0, 0, 0, 0, 0]",0
371,137,23092,l,"[0, 0, 0, 0, 0, 0, 0, 0]",0
370,137,23108,l,"[0, 0, 0, 0, 0, 0, 0, 0]",0
369,137,23125,l,"[0, 0, 0, 0, 0, 0, 0, 0]",0
368,137,23142,l,"[0, 0, 0, 0, 0, 0, 0, 0]",0
367,137,23158,l,"[0, 0, 0, 0, 0, 0, 0, 0]",0
367,137,23175,l,"[0, 0, 0, 0, 0, 0, 0, 0]",0
366,137,23192,l,"[0, 0, 0, 0, 0, 0, 0, 0]",0
365,137,23208,l,"[0, 0, 0, 0, 0, 0, 0, 0]",0
364,137,23225,l,"[0, 0, 0, 0, 0, 0, 0, 0]",0
363,137,23242,l,"[0, 0, 0, 0, 0, 0, 0, 0]",0
362,137,23258,l,"[0, 0, 0, 0, 0, 0, 0, 0]",0
362,137,23275,l,"[0, 0, 0, 0, 0, 0, 0, 0]",0
361,137,23292,l,"[0, 0, 0, 0, 0, 0, 0, 0]",0
360,137,23308,l,"[0, 0, 0, 0, 0, 0, 0, 0]",0
359,137,23325,l,"[0, 0, 0, 0, 0, 0, 0, 0]",0
358,137,23342,l,"[0, 0, 0, 0, 0, 0, 0, 0]",0
357,137,23358,l,"[0, 0, 0, 0, 0, 0, 0, 0]",0
357,137,23375,l,"[0, 0, 0, 0, 0, 0, 0, 0]",0
356,137,23392,l,"[0, 0, 0, 0, 0, 0, 0, 0]",0
355,137,23408,l,"[0, 0, 0, 0, 0, 0, 0, 0]",0
354,137,23425,l,"[0, 0, 0, 0, 0, 0, 0, 0]",0
353,137,23442,l,"[0, 0, 0, 0, 0, 0, 0, 0]",0
352,137,23458,l,"[0, 0, 0, 0, 0, 0, 0, 0]",0
352,137,23475,l,"[0, 0, 0, 0, 0, 0, 0, 0]",0
351,137,23492,l,"[0, 0, 0, 0, 0, 0, 0, 0]",0
350,137,23508,l,"[0, 0, 0, 0, 0, 0, 0, 0]",0
349,137,23525,l,"[0, 0, 0, 0, 0, 0, 0, 0]",0
348,137,23542,l,"[0, 0, 0, 0, 0, 0, 0, 0]",0
347,137,23558,l,"[0, 0, 0, 0, 0, 0, 0, 0]",0
347,137,23575,l,"[0, 0, 0, 0, 0, 0, 0, 0]",0
346,137,23592,l,"[0, 0, 0, 0, 0, 0, 0, 0]",0
345,137,23608,l,"[0, 0, 0, 0, 0, 0, 0, 0]",0
344,137,23625,l,"[0, 0, 0, 0, 0, 0, 0, 0]",0
343,137,23642,l,"[0, 0, 0, 0, 0, 0, 0, 0]",0
342,137,23658,l,"[0, 0, 0, 0, 0, 0, 0, 0]",0
342,137,23675,l,"[0, 0, 0, 0, 0, 0, 0, 0]",0
341,137,23692,l,"[0, 0, 0, 0, 0, 0, 0, 0]",0
340,137,23708,l,"[0, 0, 0, 0, 0, 0, 0, 0]",0
339,137,23725,l,"[0, 0, 0, 0, 0, 0, 0, 0]",0
338,137,23742,l,"[0, 0, 0, 0, 0, 0, 0, 0]",0
337,137,23758,l,"[0, 0, 0, 0, 0, 0, 0, 0]",0
337,137,23775,l,"[0, 0, 0, 0, 0, 0, 0, 0]",0
336,137,23792,l,"[0, 0, 0, 0, 0, 0, 0, 0]",0
335,137,23808,l,"[0, 0, 0, 0, 0, 0, 0, 0]",0
334,137,23825,l,"[0, 0, 0, 0, 0, 0, 0, 0]",0
333,137,23842,l,"[0, 0, 0, 0, 0, 0, 0, 0]",0
332,137,23858,l,"[0, 0, 0, 0, 0, 0, 0, 0]",0
332,137,23875,l,"[0, 0, 0, 0, 0, 0, 0, 0]",0
331,137,23892,l,"[0, 0, 0, 0, 0, 0, 0, 0]",0
330,137,23908,l,"[0, 0, 0, 0, 0, 0, 0, 0]",0
329,137,23925,l,"[0, 0, 0, 0, 0, 0, 0, 0]",0
328,137,23942,l,"[0, 0, 0, 0, 0, 0, 0, 0]",0
327,137,23958,l,"[0, 0, 0, 0, 0, 0, 0, 0]",0
327,137,23975,l,"[0, 0, 0, 0, 0, 0, 0, 0]",0
326,137,23992,l,"[0, 0, 0, 0, 0, 0, 0, 0]",0
325,137,24008,l,"[0, 0, 0, 0, 0, 0, 0, 0]",0
324,137,24025,l,"[0, 0, 0, 0, 0, 0, 0, 0]",0
323,137,24042,l,"[0, 0, 0, 0, 0, 0, 0, 0]",0
322,137,24058,l,"[0, 0, 0, 0, 0, 0, 0, 0]",0
322,137,24075,l,"[0, 0, 0, 0, 0, 0, 0, 0]",0
321,137,24092,l,"[0, 0, 0, 0, 0, 0, 0, 0]",0
320,137,24108,l,"[0, 0, 0, 0, 0, 0, 0, 0]",0
319,137,24125,l,"[0, 0, 0, 0, 0, 0, 0, 0]",0
318,137,24158,l,"[0, 0, 0, 0, 0, 0, 0, 0]",0
317,137,24175,l,"[0, 0, 0, 0, 0, 0, 0, 0]",0
317,137,24192,l,"[0, 0, 0, 0, 0, 0, 0, 0]",0
316,137,24208,l,"[0, 0, 0, 0, 0, 0, 0, 0]",0
315,137,24225,l,"[0, 0, 0, 0, 0, 0, 0, 0]",0
314,137,24242,l,"[0, 0, 0, 0, 0, 0, 0, 0]",0
313,137,24258,l,"[0, 0, 0, 0, 0, 0, 0, 0]",0
312,137,24275,l,"[0, 0, 0, 0, 0, 0, 0, 0]",0
312,137,24292,l,"[0, 0, 0, 0, 0, 0, 0, 0]",0
311,137,24308,l,"[0, 0, 0, 0, 0, 0, 0, 0]",0
310,137,24325,l,"[0, 0, 0, 0, 0, 0, 0, 0]",0
309,137,24342,l,"[0, 0, 0, 0, 0, 0, 0, 0]",0
308,137,24358,l,"[0, 0, 0, 0, 0, 0, 0, 0]",0
308,137,24375,l,"[0, 0, 0, 0, 0, 0, 0, 0]",0
307,137,24392,l,"[0, 0, 0, 0, 0, 0, 0, 0]",0
306,137,24408,l,"[0, 0, 0, 0, 0, 0, 0, 0]",0
305,137,24425,l,"[0, 0, 0, 0, 0, 0, 0, 0]",0
304,137,24442,l,"[0, 0, 0, 0, 0, 0, 0, 0]",0
303,137,24458,l,"[0, 0, 0, 0, 0, 0, 0, 0]",0
303,137,24475,l,"[0, 0, 0, 0, 0, 0, 0, 0]",0
302,137,24492,l,"[0, 0, 0, 0, 0, 0, 0, 0]",0
301,137,24508,l,"[0, 0, 0, 0, 0, 0, 0, 0]",0
300,137,24525,l,"[0, 0, 0, 0, 0, 0, 0, 0]",0
299,137,24542,l,"[0, 0, 0, 0, 0, 0, 0, 0]",0
298,137,24558,l,"[0, 0, 0, 0, 0, 0, 0, 0]",0
298,137,24575,l,"[0, 0, 0, 0, 0, 0, 0, 0]",0
297,137,24592,l,"[0, 0, 0, 0, 0, 0, 0, 0]",0
296,137,24608,l,"[0, 0, 0, 0, 0, 0, 0, 0]",0
295,137,24625,l,"[0, 0, 0, 0, 0, 0, 0, 0]",0
294,137,24642,l,"[0, 0, 0, 0, 0, 0, 0, 0]",0
293,137,24658,l,"[0, 0, 0, 0, 0, 0, 0, 0]",0
293,137,24675,l,"[0, 0, 0, 0, 0, 0, 0, 0]",0
292,137,24692,l,"[0, 0, 0, 0, 0, 0, 0, 0]",0
291,137,24708,l,"[0, 0, 0, 0, 0, 0, 0, 0]",0
290,137,24725,l,"[0, 0, 0, 0, 0, 0, 0, 0]",0
289,137,24742,l,"[0, 0, 0, 0, 0, 0, 0, 0]",0
288,137,24758,l,"[0, 0, 0, 0, 0, 0, 0, 0]",0
288,137,24775,l,"[0, 0, 0, 0, 0, 0, 0, 0]",0
287,137,24792,l,"[0, 0, 0, 0, 0, 0, 0, 0]",0
286,137,24808,l,"[0, 0, 0, 0, 0, 0, 0, 0]",0
285,137,24825,l,"[0, 0, 0, 0, 0, 0, 0, 0]",0
284,137,24842,l,"[0, 0, 0, 0, 0, 0, 0, 0]",0
283,137,24858,l,"[0, 0, 0, 0, 0, 0, 0, 0]",0
283,137,24875,l,"[0, 0, 0, 0, 0, 0, 0, 0]",0
282,137,24892,l,"[0, 0, 0, 0, 0, 0, 0, 0]",0
281,137,24908,l,"[0, 0, 0, 0, 0, 0, 0, 0]",0
280,137,24925,l,"[0, 0, 0, 0, 0, 0, 0, 0]",0
279,137,24942,l,"[0, 0, 0, 0, 0, 0, 0, 0]",0
278,137,24958,l,"[0, 0, 0, 0, 0, 0, 0, 0]",0
278,137,24975,l,"[0, 0, 0, 0, 0, 0, 0, 0]",0
277,137,24992,l,"[0, 0, 0, 0, 0, 0, 0, 0]",0
276,137,25008,l,"[0, 0, 0, 0, 0, 0, 0, 0]",0
275,137,25025,l,"[0, 0, 0, 0, 0, 0, 0, 0]",0
274,137,25042,l,"[0, 0, 0, 0, 0, 0, 0, 0]",0
273,137,25058,l,"[0, 0, 0, 0, 0, 0, 0, 0]",0
273,137,25075,l,"[0, 0, 0, 0, 0, 0, 0, 0]",0
272,137,25092,l,"[0, 0, 0, 0, 0, 0, 0, 0]",0
271,137,25108,l,"[0, 0, 0, 0, 0, 0, 0, 0]",0
270,137,25125,l,"[0, 0, 0, 0, 0, 0, 0, 0]",0
269,137,25142,l,"[0, 0, 0, 0, 0, 0, 0, 0]",0
268,137,25158,l,"[0, 0, 0, 0, 0, 0, 0, 0]",0
268,137,25175,l,"[0, 0, 0, 0, 0, 0, 0, 0]",0
267,137,25192,l,"[0, 0, 0, 0, 0, 0, 0, 0]",0
266,137,25208,l,"[0, 0, 0, 0, 0, 0, 0, 0]",0
265,137,25225,l,"[0, 0, 0, 0, 0, 0, 0, 0]",0
264,137,25242,l,"[0, 0, 0, 0, 0, 0, 0, 0]",0
263,137,25258,l,"[0, 0, 0, 0, 0, 0, 0, 0]",0
263,137,25275,l,"[0, 0, 0, 0, 0, 0, 0, 0]",0
262,137,25292,l,"[0, 0, 0, 0, 0, 0, 0, 0]",0
261,137,25308,l,"[0, 0, 0, 0, 0, 0, 0, 0]",0
260,137,25325,l,"[0, 0, 0, 0, 0, 0, 0, 0]",0
259,137,25342,l,"[0, 0, 0, 0, 0, 0, 0, 0]",0
258,137,25358,l,"[0, 0, 0, 0, 0, 0, 0, 0]",0
258,137,25375,l,"[0, 0, 0, 0, 0, 0, 0, 0]",0
257,137,25392,ul,"[0, 0, 0, 0, 0, 0, 0, 0]",0
256,137,25408,u,"[0, 0, 0, 0, 0, 0, 0, 0]",0
256,136,25425,u,"[0, 0, 0, 0, 0, 0, 0, 0]",0
256,135,25442,u,"[0, 0, 0, 0, 0, 0, 0, 0]",0
256,134,25458,u,"[0, 0, 0, 0, 0, 0, 0, 0]",0
256,134,25475,u,"[0, 0, 0, 0, 0, 0, 0, 0]",0
256,133,25492,u,"[0, 0, 0, 0, 0, 0, 0, 0]",0
256,132,25508,u,"[0, 0, 0, 0, 0, 0, 0, 0]",0
256,131,25525,u,"[0, 0, 0, 0, 0, 0, 0, 0]",0
256,130,25542,u,"[0, 0, 0, 0, 0, 0, 0, 0]",0
256,129,25558,u,"[0, 0, 0, 0, 0, 0, 0, 0]",0
256,129,25575,u,"[0, 0, 0, 0, 0, 0, 0, 0]",0
256,128,25592,u,"[0, 0, 0, 0, 0, 0, 0, 0]",0
256,127,25608,u,"[0, 0, 0, 0, 0, 0, 0, 0]",0
256,126,25625,u,"[0, 0, 0, 0, 0, 0, 0, 0]",0
256,125,25642,u,"[0, 0, 0, 0, 0, 0, 0, 0]",0
256,124,25658,u,"[0, 0, 0, 0, 0, 0, 0, 0]",0
256,124,25675,u,"[0, 0, 0, 0, 0, 0, 0, 0]",0
256,123,25692,u,"[0, 0, 0, 0, 0, 0, 0, 0]",0
256,122,25708,u,"[0, 0, 0, 0, 0, 0, 0, 0]",0
256,121,25725,u,"[0, 0, 0, 0, 0, 0, 0, 0]",0
256,120,25742,u,"[0, 0, 0, 0, 0, 0, 0, 0]",0
256,119,25758,u,"[0, 0, 0, 0, 0, 0, 0, 0]",0
256,119,25775,u,"[0, 0, 0, 0, 0, 0, 0, 0]",0
256,118,25792,u,"[0, 0, 0, 0, 0, 0, 0, 0]",0
256,117,25808,u,"[0, 0, 0, 0, 0, 0, 0, 0]",0
256,116,25825,u,"[0, 0, 0, 0, 0, 0, 0, 0]",0
256,115,25842,u,"[0, 0, 0, 0, 0, 0, 0, 0]",0
256,114,25858,u,"[0, 0, 0, 0, 0, 0, 0, 0]",0
256,114,25875,u,"[0, 0, 0, 0, 0, 0, 0, 0]",0
256,113,25892,u,"[0, 0, 0, 0, 0, 0, 0, 0]",0
256,112,25908,u,"[0, 0, 0, 0, 0, 0, 0, 0]",0
256,111,25925,u,"[0, 0, 0, 0, 0, 0, 0, 0]",0
256,110,25942,u,"[0, 0, 0, 0, 0, 0, 0, 0]",0
256,109,25958,u,"[0, 0, 0, 0, 0, 0, 0, 0]",0
256,109,25975,ul,"[0, 0, 0, 0, 0, 0, 0, 0]",0
256,108,25992,l,"[0, 0, 0, 0, 0, 0, 0, 0]",0
256,107,26008,l,"[0, 0, 0, 0, 0, 0, 0, 0]",0
255,107,26025,l,"[0, 0, 0, 0, 0, 0, 0, 0]",0
254,107,26042,l,"[0, 0, 0, 0, 0, 0, 0, 0]",0
253,107,26058,l,"[0, 0, 0, 0, 0, 0, 0, 0]",0
253,107,26075,l,"[0, 0, 0, 0, 0, 0, 0, 0]",0
252,107,26092,l,"[0, 0, 0, 0, 0, 0, 0, 0]",0
251,107,26108,l,"[0, 0, 0, 0, 0, 0, 0, 0]",0
250,107,26125,l,"[0, 0, 0, 0, 0, 0, 0, 0]",0
249,107,26142,l,"[0, 0, 0, 0, 0, 0, 0, 0]",0
248,107,26158,l,"[0, 0, 0, 0, 0, 0, 0, 0]",0
248,107,26175,l,"[0, 0, 0, 0, 0, 0, 0, 0]",0
247,107,26192,l,"[0, 0, 0, 0, 0, 0, 0, 0]",0
246,107,26208,l,"[0, 0, 0, 0, 0, 0, 0, 0]",0
245,107,26225,l,"[0, 0, 0, 0, 0, 0, 0, 0]",0
244,107,26242,l,"[0, 0, 0, 0, 0, 0, 0, 0]",0
243,107,26258,l,"[0, 0, 0, 0, 0, 0, 0, 0]",0
243,107,26275,l,"[0, 0, 0, 0, 0, 0, 0, 0]",0
242,107,26292,l,"[0, 0, 0, 0, 0, 0, 0, 0]",0
241,107,26308,l,"[0, 0, 0, 0, 0, 0, 0, 0]",0
240,107,26325,l,"[0, 0, 0, 0, 0, 0, 0, 0]",0
239,107,26342,l,"[0, 0, 0, 0, 0, 0, 0, 0]",0
238,107,26358,l,"[0, 0, 0, 0, 0, 0, 0, 0]",0
238,107,26375,l,"[0, 0, 0, 0, 0, 0, 0, 0]",0
237,107,26392,l,"[0, 0, 0, 0, 0, 0, 0, 0]",0
236,107,26408,l,"[0, 0, 0, 0, 0, 0, 0, 0]",0
235,107,26425,l,"[0, 0, 0, 0, 0, 0, 0, 0]",0
234,107,26442,l,"[0, 0, 0, 0, 0, 0, 0, 0]",0
233,107,26458,l,"[0, 0, 0, 0, 0, 0, 0, 0]",0
233,107,26475,l,"[0, 0, 0, 0, 0, 0, 0, 0]",0
232,107,26492,l,"[0, 0, 0, 0, 0, 0, 0, 0]",0
231,107,26508,l,"[0, 0, 0, 0, 0, 0, 0, 0]",0
230,107,26525,l,"[0, 0, 0, 0, 0, 0, 0, 0]",0
229,107,26542,l,"[0, 0, 0, 0, 0, 0, 0, 0]",0
228,107,26558,l,"[0, 0, 0, 0, 0, 0, 0, 0]",0
228,107,26575,l,"[0, 0, 0, 0, 0, 0, 0, 0]",0
227,107,26592,l,"[0, 0, 0, 0, 0, 0, 0, 0]",0
226,107,26608,l,"[0, 0, 0, 0, 0, 0, 0, 0]",0
225,107,26625,l,"[0, 0, 0, 0, 0, 0, 0, 0]",0
224,107,26642,l,"[0, 0, 0, 0, 0, 0, 0, 0]",0
223,107,26658,l,"[0, 0, 0, 0, 0, 0, 0, 0]",0
223,107,26675,l,"[0, 0, 0, 0, 0, 0, 0, 0]",0
222,107,26692,l,"[0, 0, 0, 0, 0, 0, 0, 0]",0
221,107,26708,l,"[0, 0, 0, 0, 0, 0, 0, 0]",0
220,107,26725,l,"[0, 0, 0, 0, 0, 0, 0, 0]",0
219,107,26742,l,"[0, 0, 0, 0, 0, 0, 0, 0]",0
218,107,26758,l,"[0, 0, 0, 0, 0, 0, 0, 0]",0
218,107,26775,l,"[0, 0, 0, 0, 0, 0, 0, 0]",0
217,107,26792,l,"[0, 0, 0, 0, 0, 0, 0, 0]",0
216,107,26808,l,"[0, 0, 0, 0, 0, 0, 0, 0]",0
215,107,26825,l,"[0, 0, 0, 0, 0, 0, 0, 0]",0
214,107,26842,l,"[0, 0, 0, 0, 0, 0, 0, 0]",0
213,107,26858,l,"[0, 0, 0, 0, 0, 0, 0, 0]",0
213,107,26875,l,"[0, 0, 0, 0, 0, 0, 0, 0]",0
212,107,26892,l,"[0, 0, 0, 0, 0, 0, 0, 0]",0
211,107,26908,l,"[0, 0, 0, 0, 0, 0, 0, 0]",0
210,107,26925,l,"[0, 0, 0, 0, 0, 0, 0, 0]",0
209,107,26942,l,"[0, 0, 0, 0, 0, 0, 0, 0]",0
208,107,26975,l,"[0, 0, 0, 0, 0, 0, 0, 0]",0
208,107,26992,l,"[0, 0, 0, 0, 0, 0, 0, 0]",0
207,107,27008,l,"[0, 0, 0, 0, 0, 0, 0, 0]",0
206,107,27025,l,"[0, 0, 0, 0, 0, 0, 0, 0]",0
205,107,27042,l,"[0, 0, 0, 0, 0, 0, 0, 0]",0
204,107,27058,l,"[0, 0, 0, 0, 0, 0, 0, 0]",0
203,107,27075,l,"[0, 0, 0, 0, 0, 0, 0, 0]",0
203,107,27092,l,"[0, 0, 0, 0, 0, 0, 0, 0]",0
202,107,27108,l,"[0, 0, 0, 0, 0, 0, 0, 0]",0
201,107,27125,l,"[0, 0, 0, 0, 0, 0, 0, 0]",0
200,107,27142,l,"[0, 0, 0, 0, 0, 0, 0, 0]",0
199,107,27158,l,"[0, 0, 0, 0, 0, 0, 0, 0]",0
198,107,27175,l,"[0, 0, 0, 0, 0, 0, 0, 0]",0
198,107,27192,l,"[0, 0, 0, 0, 0, 0, 0, 0]",0
197,107,27208,l,"[0, 0, 0, 0, 0, 0, 0, 0]",0
196,107,27225,l,"[0, 0, 0, 0, 0, 0, 0, 0]",0
195,107,27242,l,"[0, 0, 0, 0, 0, 0, 0, 0]",0
194,107,27258,l,"[0, 0, 0, 0, 0, 0, 0, 0]",0
193,107,27275,l,"[0, 0, 0, 0, 0, 0, 0, 0]",0
193,107,27292,l,"[0, 0, 0, 0, 0, 0, 0, 0]",0
192,107,27308,l,"[0, 0, 0, 0, 0, 0, 0, 0]",0
191,107,27325,l,"[0, 0, 0, 0, 0, 0, 0, 0]",0
190,107,27342,l,"[0, 0, 0, 0, 0, 0, 0, 0]",0
189,107,27358,l,"[0, 0, 0, 0, 0, 0, 0, 0]",0
188,107,27375,l,"[0, 0, 0, 0, 0, 0, 0, 0]",0
187,107,27392,l,"[0, 0, 0, 0, 0, 0, 0, 0]",0
187,107,27408,l,"[0, 0, 0, 0, 0, 0, 0, 0]",0
186,107,27425,l,"[0, 0, 0, 0, 0, 0, 0, 0]",0
185,107,27442,l,"[0, 0, 0, 0, 0, 0, 0, 0]",0
184,107,27458,l,"[0, 0, 0, 0, 0, 0, 0, 0]",0
183,107,27475,l,"[0, 0, 0, 0, 0, 0, 0, 0]",0
182,107,27492,l,"[0, 0, 0, 0, 0, 0, 0, 0]",0
182,107,27508,l,"[0, 0, 0, 0, 0, 0, 0, 0]",0
181,107,27525,l,"[0, 0, 0, 0, 0, 0, 0, 0]",0
180,107,27542,l,"[0, 0, 0, 0, 0, 0, 0, 0]",0
179,107,27558,l,"[0, 0, 0, 0, 0, 0, 0, 0]",0
178,107,27575,l,"[0, 0, 0, 0, 0, 0, 0, 0]",0
177,107,27592,l,"[0, 0, 0, 0, 0, 0, 0, 0]",0
177,107,27608,l,"[0, 0, 0, 0, 0, 0, 0, 0]",0
176,107,27625,l,"[0, 0, 0, 0, 0, 0, 0, 0]",0
175,107,27642,l,"[0, 0, 0, 0, 0, 0, 0, 0]",0
174,107,27658,l,"[0, 0, 0, 0, 0, 0, 0, 0]",0
173,107,27675,l,"[0, 0, 0, 0, 0, 0, 0, 0]",0
172,107,27692,l,"[0, 0, 0, 0, 0, 0, 0, 0]",0
172,107,27708,l,"[0, 0, 0, 0, 0, 0, 0, 0]",0
171,107,27725,l,"[0, 0, 0, 0, 0, 0, 0, 0]",0
170,107,27742,l,"[0, 0, 0, 0, 0, 0, 0, 0]",0
169,107,27758,l,"[0, 0, 0, 0, 0, 0, 0, 0]",0
168,107,27775,l,"[0, 0, 0, 0, 0, 0, 0, 0]",0
167,107,27792,l,"[0, 0, 0, 0, 0, 0, 0, 0]",0
167,107,27808,l,"[0, 0, 0, 0, 0, 0, 0, 0]",0
166,107,27825,l,"[0, 0, 0, 0, 0, 0, 0, 0]",0
165,107,27842,l,"[0, 0, 0, 0, 0, 0, 0, 0]",0
164,107,27858,l,"[0, 0, 0, 0, 0, 0, 0, 0]",0
163,107,27875,l,"[0, 0, 0, 0, 0, 0, 0, 0]",0
162,107,27892,l,"[0, 0, 0, 0, 0, 0, 0, 0]",0
162,107,27908,l,"[0, 0, 0, 0, 0, 0, 0, 0]",0
161,107,27925,l,"[0, 0, 0, 0, 0, 0, 0, 0]",0
160,107,27942,l,"[0, 0, 0, 0, 0, 0, 0, 0]",0
159,107,27958,l,"[0, 0, 0, 0, 0, 0, 0, 0]",0
158,107,27975,l,"[0, 0, 0, 0, 0, 0, 0, 0]",0
157,107,27992,l,"[0, 0, 0, 0, 0, 0, 0, 0]",0
157,107,28008,l,"[0, 0, 0, 0, 0, 0, 0, 0]",0
156,107,28025,l,"[0, 0, 0, 0, 0, 0, 0, 0]",0
155,107,28042,l,"[0, 0, 0, 0, 0, 0, 0, 0]",0
154,107,28058,l,"[0, 0, 0, 0, 0, 0, 0, 0]",0
153,107,28075,l,"[0, 0, 0, 0, 0, 0, 0, 0]",0
152,107,28092,l,"[0, 0, 0, 0, 0, 0, 0, 0]",0
152,107,28108,l,"[0, 0, 0, 0, 0, 0, 0, 0]",0
151,107,28125,l,"[0, 0, 0, 0, 0, 0, 0, 0]",0
150,107,28142,l,"[0, 0, 0, 0, 0, 0, 0, 0]",0
149,107,28158,l,"[0, 0, 0, 0, 0, 0, 0, 0]",0
148,107,28175,l,"[0, 0, 0, 0, 0, 0, 0, 0]",0
147,107,28192,l,"[0, 0, 0, 0, 0, 0, 0, 0]",0
147,107,28208,l,"[0, 0, 0, 0, 0, 0, 0, 0]",0
146,107,28225,l,"[0, 0, 0, 0, 0, 0, 0, 0]",0
145,107,28242,l,"[0, 0, 0, 0, 0, 0, 0, 0]",0
144,107,28258,l,"[0, 0, 0, 0, 0, 0, 0, 0]",0
143,107,28275,l,"[0, 0, 0, 0, 0, 0, 0, 0]",0
142,107,28292,l,"[0, 0, 0, 0, 0, 0, 0, 0]",0
142,107,28308,l,"[0, 0, 0, 0, 0, 0, 0, 0]",0
141,107,28325,l,"[0, 0, 0, 0, 0, 0, 0, 0]",0
140,107,28342,l,"[0, 0, 0, 0, 0, 0, 0, 0]",0
139,107,28358,l,"[0, 0, 0, 0, 0, 0, 0, 0]",0
138,107,28375,l,"[0, 0, 0, 0, 0, 0, 0, 0]",0
137,107,28392,l,"[0, 0, 0, 0, 0, 0, 0, 0]",0
137,107,28408,l,"[0, 0, 0, 0, 0, 0, 0, 0]",0
136,107,28425,l,"[0, 0, 0, 0, 0, 0, 0, 0]",0
135,107,28442,l,"[0, 0, 0, 0, 0, 0, 0, 0]",0
134,107,28458,l,"[0, 0, 0, 0, 0, 0, 0, 0]",0
133,107,28475,l,"[0, 0, 0, 0, 0, 0, 0, 0]",0
132,107,28492,l,"[0, 0, 0, 0, 0, 0, 0, 0]",0
132,107,28508,l,"[0, 0, 0, 0, 0, 0, 0, 0]",0
131,107,28525,l,"[0, 0, 0, 0, 0, 0, 0, 0]",0
130,107,28542,l,"[0, 0, 0, 0, 0, 0, 0, 0]",0
129,107,28558,l,"[0, 0, 0, 0, 0, 0, 0, 0]",0
128,107,28575,l,"[0, 0, 0, 0, 0, 0, 0, 0]",0
127,107,28592,l,"[0, 0, 0, 0, 0, 0, 0, 0]",0
127,107,28608,l,"[0, 0, 0, 0, 0, 0, 0, 0]",0
126,107,28625,l,"[0, 0, 0, 0, 0, 0, 0, 0]",0
125,107,28642,l,"[0, 0, 0, 0, 0, 0, 0, 0]",0
124,107,28658,l,"[0, 0, 0, 0, 0, 0, 0, 0]",0
123,107,28675,l,"[0, 0, 0, 0, 0, 0, 0, 0]",0
122,107,28692,l,"[0, 0, 0, 0, 0, 0, 0, 0]",0
122,107,28708,l,"[0, 0, 0, 0, 0, 0, 0, 0]",0
121,107,28725,l,"[0, 0, 0, 0, 0, 0, 0, 0]",0
120,107,28742,l,"[0, 0, 0, 0, 0, 0, 0, 0]",0
119,107,28758,l,"[0, 0, 0, 0, 0, 0, 0, 0]",0
118,107,28775,l,"[0, 0, 0, 0, 0, 0, 0, 0]",0
117,107,28792,l,"[0, 0, 0, 0, 0, 0, 0, 0]",0
117,107,28808,l,"[0, 0, 0, 0, 0, 0, 0, 0]",0
116,107,28825,l,"[0, 0, 0, 0, 0, 0, 0, 0]",0
115,107,28842,l,"[0, 0, 0, 0, 0, 0, 0, 0]",0
114,107,28858,l,"[0, 0, 0, 0, 0, 0, 0, 0]",0
113,107,28875,l,"[0, 0, 0, 0, 0, 0, 0, 0]",0
112,107,28892,l,"[0, 0, 0, 0, 0, 0, 0, 0]",0
112,107,28908,l,"[0, 0, 0, 0, 0, 0, 0, 0]",0
111,107,28925,l,"[0, 0, 0, 0, 0, 0, 0, 0]",0
110,107,28942,l,"[0, 0, 0, 0, 0, 0, 0, 0]",0
109,107,28958,l,"[0, 0, 0, 0, 0, 0, 0, 0]",0
108,107,28975,l,"[0, 0, 0, 0, 0, 0, 0, 0]",0
107,107,28992,l,"[0, 0, 0, 0, 0, 0, 0, 0]",0
107,107,29008,l,"[0, 0, 0, 0, 0, 0, 0, 0]",0
106,107,29025,l,"[0, 0, 0, 0, 0, 0, 0, 0]",0
105,107,29042,l,"[0, 0, 0, 0, 0, 0, 0, 0]",0
104,107,29058,l,"[0, 0, 0, 0, 0, 0, 0, 0]",0
103,107,29075,l,"[0, 0, 0, 0, 0, 0, 0, 0]",0
102,107,29092,l,"[0, 0, 0, 0, 0, 0, 0, 0]",0
102,107,29108,l,"[0, 0, 0, 0, 0, 0, 0, 0]",0
101,107,29125,l,"[0, 0, 0, 0, 0, 0, 0, 0]",0
100,107,29142,l,"[0, 0, 0, 0, 0, 0, 0, 0]",0
99,107,29158,l,"[0, 0, 0, 0, 0, 0, 0, 0]",0
98,107,29175,u,"[0, 0, 0, 0, 0, 0, 0, 0]",0
97,107,29192,u,"[0, 0, 0, 0, 0, 0, 0, 0]",0
97,106,29208,u,"[0, 0, 0, 0, 0, 0, 0, 0]",0
97,105,29225,u,"[0, 0, 0, 0, 0, 0, 0, 0]",0
97,104,29242,u,"[0, 0, 0, 0, 0, 0, 0, 0]",0
97,104,29258,u,"[0, 0, 0, 0, 0, 0, 0, 0]",0
97,103,29275,u,"[0, 0, 0, 0, 0, 0, 0, 0]",0
97,102,29292,u,"[0, 0, 0, 0, 0, 0, 0, 0]",0
97,101,29308,u,"[0, 0, 0, 0, 0, 0, 0, 0]",0
97,100,29325,u,"[0, 0, 0, 0, 0, 0, 0, 0]",0
97,99,29342,u,"[0, 0, 0, 0, 0, 0, 0, 0]",0
97,99,29358,u,"[0, 0, 0, 0, 0, 0, 0, 0]",0
97,98,29375,u,"[0, 0, 0, 0, 0, 0, 0, 0]",0
97,97,29392,u,"[0, 0, 0, 0, 0, 0, 0, 0]",0
97,96,29408,u,"[0, 0, 0, 0, 0, 0, 0, 0]",0
97,95,29425,u,"[0, 0, 0, 0, 0, 0, 0, 0]",0
97,94,29442,u,"[0, 0, 0, 0, 0, 0, 0, 0]",0
97,94,29458,u,"[0, 0, 0, 0, 0, 0, 0, 0]",0
97,93,29475,ur,"[0, 0, 0, 0, 0, 0, 0, 0]",0
97,92,29492,ur,"[0, 0, 0, 0, 0, 0, 0, 0]",0
97,91,29508,ur,"[0, 0, 0, 0, 0, 0, 0, 0]",0
97,90,29525,ur,"[0, 0, 0, 0, 0, 0, 0, 0]",0
97,89,29542,ur,"[0, 0, 0, 0, 0, 0, 0, 0]",0
97,89,29558,ur,"[0, 0, 0, 0, 0, 0, 0, 0]",0
97,88,29575,ur,"[0, 0, 0, 0, 0, 0, 0, 0]",0
97,87,29592,ur,"[0, 0, 0, 0, 0, 0, 0, 0]",0
97,86,29608,ur,"[0, 0, 0, 0, 0, 0, 0, 0]",0
97,85,29625,r,"[0, 0, 0, 0, 0, 0, 0, 0]",0
97,84,29642,r,"[0, 0, 0, 0, 0, 0, 0, 0]",0
98,84,29658,r,"[0, 0, 0, 0, 0, 0, 0, 0]",0
99,84,29675,r,"[0, 0, 0, 0, 0, 0, 0, 0]",0
100,84,29692,r,"[0, 0, 0, 0, 0, 0, 0, 0]",0
101,84,29708,r,"[0, 0, 0, 0, 0, 0, 0, 0]",0
102,84,29725,r,"[0, 0, 0, 0, 0, 0, 0, 0]",0
102,84,29742,r,"[0, 0, 0, 0, 0, 0, 0, 0]",0
103,84,29758,r,"[0, 0, 0, 0, 0, 0, 0, 0]",0
104,84,29775,r,"[0, 0, 0, 0, 0, 0, 0, 0]",0
105,84,29792,r,"[0, 0, 0, 0, 0, 0, 0, 0]",0
106,84,29808,r,"[0, 0, 0, 0, 0, 0, 0, 0]",0
107,84,29825,r,"[0, 0, 0, 0, 0, 0, 0, 0]",0
107,84,29842,r,"[0, 0, 0, 0, 0, 0, 0, 0]",0
108,84,29858,r,"[0, 0, 0, 0, 0, 0, 0, 0]",0
109,84,29875,r,"[0, 0, 0, 0, 0, 0, 0, 0]",0
110,84,29892,r,"[0, 0, 0, 0, 0, 0, 0, 0]",0
111,84,29908,r,"[0, 0, 0, 0, 0, 0, 0, 0]",0
112,84,29925,r,"[0, 0, 0, 0, 0, 0, 0, 0]",0
112,84,29942,r,"[0, 0, 0, 0, 0, 0, 0, 0]",0
113,84,29958,r,"[0, 0, 0, 0, 0, 0, 0, 0]",0
114,84,29975,r,"[0, 0, 0, 0, 0, 0, 0, 0]",0
115,84,29992,r,"[0, 0, 0, 0, 0, 0, 0, 0]",0
116,84,30008,r,"[0, 0, 0, 0, 0, 0, 0, 0]",0
117,84,30025,r,"[0, 0, 0, 0, 0, 0, 0, 0]",0
117,84,30042,r,"[0, 0, 0, 0, 0, 0, 0, 0]",0
118,84,30058,r,"[0, 0, 0, 0, 0, 0, 0, 0]",0
119,84,30075,r,"[0, 0, 0, 0, 0, 0, 0, 0]",0
120,84,30092,r,"[0, 0, 0, 0, 0, 0, 0, 0]",0
121,84,30108,r,"[0, 0, 0, 0, 0, 0, 0, 0]",0
122,84,30125,r,"[0, 0, 0, 0, 0, 0, 0, 0]",0
122,84,30142,r,"[0, 0, 0, 0, 0, 0, 0, 0]",0
123,84,30158,r,"[0, 0, 0, 0, 0, 0, 0, 0]",0
124,84,30175,r,"[0, 0, 0, 0, 0, 0, 0, 0]",0
125,84,30192,r,"[0, 0, 0, 0, 0, 0, 0, 0]",0
126,84,30208,r,"[0, 0, 0, 0, 0, 0, 0, 0]",0
127,84,30225,r,"[0, 0, 0, 0, 0, 0, 0, 0]",0
127,84,30258,r,"[0, 0, 0, 0, 0, 0, 0, 0]",0
128,84,30275,r,"[0, 0, 0, 0, 0, 0, 0, 0]",0
129,84,30292,r,"[0, 0, 0, 0, 0, 0, 0, 0]",0
130,84,30308,r,"[0, 0, 0, 0, 0, 0, 0, 0]",0
131,84,30325,r,"[0, 0, 0, 0, 0, 0, 0, 0]",0
132,84,30342,r,"[0, 0, 0, 0, 0, 0, 0, 0]",0
132,84,30358,r,"[0, 0, 0, 0, 0, 0, 0, 0]",0
133,84,30375,r,"[0, 0, 0, 0, 0, 0, 0, 0]",0
134,84,30392,r,"[0, 0, 0, 0, 0, 0, 0, 0]",0
135,84,30408,r,"[0, 0, 0, 0, 0, 0, 0, 0]",0
136,84,30425,r,"[0, 0, 0, 0, 0, 0, 0, 0]",0
137,84,30442,r,"[0, 0, 0, 0, 0, 0, 0, 0]",0
137,84,30458,r,"[0, 0, 0, 0, 0, 0, 0, 0]",0
138,84,30475,r,"[0, 0, 0, 0, 0, 0, 0, 0]",0
139,84,30492,r,"[0, 0, 0, 0, 0, 0, 0, 0]",0
140,84,30508,r,"[0, 0, 0, 0, 0, 0, 0, 0]",0
141,84,30525,r,"[0, 0, 0, 0, 0, 0, 0, 0]",0
142,84,30542,r,"[0, 0, 0, 0, 0, 0, 0, 0]",0
142,84,30558,r,"[0, 0, 0, 0, 0, 0, 0, 0]",0
143,84,30575,r,"[0, 0, 0, 0, 0, 0, 0, 0]",0
144,84,30592,r,"[0, 0, 0, 0, 0, 0, 0, 0]",0
145,84,30608,r,"[0, 0, 0, 0, 0, 0, 0, 0]",0
146,84,30625,r,"[0, 0, 0, 0, 0, 0, 0, 0]",0
147,84,30642,r,"[0, 0, 0, 0, 0, 0, 0, 0]",0
147,84,30658,r,"[0, 0, 0, 0, 0, 0, 0, 0]",0
148,84,30675,r,"[0, 0, 0, 0, 0, 0, 0, 0]",0
149,84,30692,r,"[0, 0, 0, 0, 0, 0, 0, 0]",0
150,84,30708,r,"[0, 0, 0, 0, 0, 0, 0, 0]",0
151,84,30725,r,"[0, 0, 0, 0, 0, 0, 0, 0]",0
152,84,30742,r,"[0, 0, 0, 0, 0, 0, 0, 0]",0
152,84,30758,r,"[0, 0, 0, 0, 0, 0, 0, 0]",0
153,84,30775,r,"[0, 0, 0, 0, 0, 0, 0, 0]",0
154,84,30791,r,"[0, 0, 0, 0, 0, 0, 0, 0]",0
155,84,30808,r,"[0, 0, 0, 0, 0, 0, 0, 0]",0
156,84,30825,r,"[0, 0, 0, 0, 0, 0, 0, 0]",0
157,84,30841,r,"[0, 0, 0, 0, 0, 0, 0, 0]",0
157,84,30858,r,"[0, 0, 0, 0, 0, 0, 0, 0]",0
158,84,30875,r,"[0, 0, 0, 0, 0, 0, 0, 0]",0
159,84,30891,r,"[0, 0, 0, 0, 0, 0, 0, 0]",0
160,84,30908,r,"[0, 0, 0, 0, 0, 0, 0, 0]",0
161,84,30925,dr,"[0, 0, 0, 0, 0, 0, 0, 0]",0
162,84,30941,dr,"[0, 0, 0, 0, 0, 0, 0, 0]",0
162,85,30958,dr,"[0, 0, 0, 0, 0, 0, 0, 0]",0
162,86,30975,dr,"[0, 0, 0, 0, 0, 0, 0, 0]",0
162,87,30991,dr,"[0, 0, 0, 0, 0, 0, 0, 0]",0
162,88,31008,dr,"[0, 0, 0, 0, 0, 0, 0, 0]",0
162,89,31025,dr,"[0, 0, 0, 0, 0, 0, 0, 0]",0
162,89,31041,dr,"[0, 0, 0, 0, 0, 0, 0, 0]",0
162,90,31058,dr,"[0, 0, 0, 0, 0, 0, 0, 0]",0
162,91,31075,dr,"[0, 0, 0, 0, 0, 0, 0, 0]",0
162,92,31091,dr,"[0, 0, 0, 0, 0, 0, 0, 0]",0
162,93,31108,dr,"[0, 0, 0, 0, 0, 0, 0, 0]",0
162,94,31125,dr,"[0, 0, 0, 0, 0, 0, 0, 0]",0
162,94,31141,dr,"[0, 0, 0, 0, 0, 0, 0, 0]",0
162,95,31158,dr,"[0, 0, 0, 0, 0, 0, 0, 0]",0
162,96,31175,dr,"[0, 0, 0, 0, 0, 0, 0, 0]",0
162,97,31191,dr,"[0, 0, 0, 0, 0, 0, 0, 0]",0
162,98,31208,dr,"[0, 0, 0, 0, 0, 0, 0, 0]",0
162,99,31225,dr,"[0, 0, 0, 0, 0, 0, 0, 0]",0
162,99,31241,dr,"[0, 0, 0, 0, 0, 0, 0, 0]",0
162,100,31258,dr,"[0, 0, 0, 0, 0, 0, 0, 0]",0
162,101,31275,dr,"[0, 0, 0, 0, 0, 0, 0, 0]",0
162,102,31291,r,"[0, 0, 0, 0, 0, 0, 0, 0]",0
162,103,31308,r,"[0, 0, 0, 0, 0, 0, 0, 0]",0
162,103,31325,r,"[0, 0, 0, 0, 0, 0, 0, 0]",0
163,103,31341,r,"[0, 0, 0, 0, 0, 0, 0, 0]",0
164,103,31358,r,"[0, 0, 0, 0, 0, 0, 0, 0]",0
165,103,31375,r,"[0, 0, 0, 0, 0, 0, 0, 0]",0
166,103,31391,r,"[0, 0, 0, 0, 0, 0, 0, 0]",0
167,103,31408,r,"[0, 0, 0, 0, 0, 0, 0, 0]",0
167,103,31425,r,"[0, 0, 0, 0, 0, 0, 0, 0]",0
168,103,31441,r,"[0, 0, 0, 0, 0, 0, 0, 0]",0
169,103,31458,r,"[0, 0, 0, 0, 0, 0, 0, 0]",0
170,103,31475,r,"[0, 0, 0, 0, 0, 0, 0, 0]",0
171,103,31491,r,"[0, 0, 0, 0, 0, 0, 0, 0]",0
172,103,31508,r,"[0, 0, 0, 0, 0, 0, 0, 0]",0
172,103,31525,r,"[0, 0, 0, 0, 0, 0, 0, 0]",0
173,103,31541,r,"[0, 0, 0, 0, 0, 0, 0, 0]",0
174,103,31558,r,"[0, 0, 0, 0, 0, 0, 0, 0]",0
175,103,31575,r,"[0, 0, 0, 0, 0, 0, 0, 0]",0
176,103,31591,r,"[0, 0, 0, 0, 0, 0, 0, 0]",0
177,103,31608,r,"[0, 0, 0, 0, 0, 0, 0, 0]",0
177,103,31625,r,"[0, 0, 0, 0, 0, 0, 0, 0]",0
178,103,31641,r,"[0, 0, 0, 0, 0, 0, 0, 0]",0
179,103,31658,r,"[0, 0, 0, 0, 0, 0, 0, 0]",0
180,103,31675,r,"[0, 0, 0, 0, 0, 0, 0, 0]",0
181,103,31691,r,"[0, 0, 0, 0, 0, 0, 0, 0]",0
182,103,31708,r,"[0, 0, 0, 0, 0, 0, 0, 0]",0
182,103,31725,r,"[0, 0, 0, 0, 0, 0, 0, 0]",0
183,103,31741,r,"[0, 0, 0, 0, 0, 0, 0, 0]",0
184,103,31758,r,"[0, 0, 0, 0, 0, 0, 0, 0]",0
185,103,31775,r,"[0, 0, 0, 0, 0, 0, 0, 0]",0
186,103,31791,r,"[0, 0, 0, 0, 0, 0, 0, 0]",0
187,103,31808,r,"[0, 0, 0, 0, 0, 0, 0, 0]",0
188,103,31825,r,"[0, 0, 0, 0, 0, 0, 0, 0]",0
188,103,31841,r,"[0, 0, 0, 0, 0, 0, 0, 0]",0
189,103,31858,r,"[0, 0, 0, 0, 0, 0, 0, 0]",0
190,103,31875,r,"[0, 0, 0, 0, 0, 0, 0, 0]",0
191,103,31891,r,"[0, 0, 0, 0, 0, 0, 0, 0]",0
192,103,31908,r,"[0, 0, 0, 0, 0, 0, 0, 0]",0
193,103,31925,r,"[0, 0, 0, 0, 0, 0, 0, 0]",0
193,103,31941,r,"[0, 0, 0, 0, 0, 0, 0, 0]",0
194,103,31958,r,"[0, 0, 0, 0, 0, 0, 0, 0]",0
195,103,31975,r,"[0, 0, 0, 0, 0, 0, 0, 0]",0
196,103,31991,r,"[0, 0, 0, 0, 0, 0, 0, 0]",0
197,103,32008,r,"[0, 0, 0, 0, 0, 0, 0, 0]",0
198,103,32025,r,"[0, 0, 0, 0, 0, 0, 0, 0]",0
198,103,32041,r,"[0, 0, 0, 0, 0, 0, 0, 0]",0
199,103,32058,r,"[0, 0, 0, 0, 0, 0, 0, 0]",0
200,103,32075,r,"[0, 0, 0, 0, 0, 0, 0, 0]",0
201,103,32091,r,"[0, 0, 0, 0, 0, 0, 0, 0]",0
202,103,32108,r,"[0, 0, 0, 0, 0, 0, 0, 0]",0
203,103,32125,r,"[0, 0, 0, 0, 0, 0, 0, 0]",0
203,103,32141,r,"[0, 0, 0, 0, 0, 0, 0, 0]",0
204,103,32158,r,"[0, 0, 0, 0, 0, 0, 0, 0]",0
205,103,32175,r,"[0, 0, 0, 0, 0, 0, 0, 0]",0
206,103,32191,r,"[0, 0, 0, 0, 0, 0, 0, 0]",0
207,103,32208,r,"[0, 0, 0, 0, 0, 0, 0, 0]",0
208,103,32225,r,"[0, 0, 0, 0, 0, 0, 0, 0]",0
208,103,32241,r,"[0, 0, 0, 0, 0, 0, 0, 0]",0
209,103,32258,r,"[0, 0, 0, 0, 0, 0, 0, 0]",0
210,103,32275,r,"[0, 0, 0, 0, 0, 0, 0, 0]",0
211,103,32291,r,"[0, 0, 0, 0, 0, 0, 0, 0]",0
212,103,32308,r,"[0, 0, 0, 0, 0, 0, 0, 0]",0
213,103,32325,r,"[0, 0, 0, 0, 0, 0, 0, 0]",0
213,103,32341,r,"[0, 0, 0, 0, 0, 0, 0, 0]",0
214,103,32358,r,"[0, 0, 0, 0, 0, 0, 0, 0]",0
215,103,32375,r,"[0, 0, 0, 0, 0, 0, 0, 0]",0
216,103,32391,r,"[0, 0, 0, 0, 0, 0, 0, 0]",0
216,103,32408,r,"[0, 0, 0, 0, 0, 0, 0, 0]",0
216,103,32425,r,"[0, 0, 0, 0, 0, 0, 0, 0]",0
216,103,32441,r,"[0, 0, 0, 0, 0, 0, 0, 0]",0
216,103,32458,r,"[0, 0, 0, 0, 0, 0, 0, 0]",0
216,103,32475,r,"[0, 0, 0, 0, 0, 0, 0, 0]",0
216,103,32491,r,"[0, 0, 0, 0, 0, 0, 0, 0]",0
216,103,32508,r,"[0, 0, 0, 0, 0, 0, 0, 0]",0
216,103,32525,r,"[0, 0, 0, 0, 0, 0, 0, 0]",0
216,103,32541,r,"[0, 0, 0, 0, 0, 0, 0, 0]",0
216,103,32558,r,"[0, 0, 0, 0, 0, 0, 0, 0]",0
216,103,32575,r,"[0, 0, 0, 0, 0, 0, 0, 0]",0
216,103,32591,r,"[0, 0, 0, 0, 0, 0, 0, 0]",0
216,103,32608,r,"[0, 0, 0, 0, 0, 0, 0, 0]",0
216,103,32625,r,"[0, 0, 0, 0, 0, 0, 0, 0]",0
216,103,32641,r,"[0, 0, 0, 0, 0, 0, 0, 0]",0
216,103,32658,r,"[0, 0, 0, 0, 0, 0, 0, 0]",0
216,103,32675,r,"[0, 0, 0, 0, 0, 0, 0, 0]",0
216,103,32691,r,"[0, 0, 0, 0, 0, 0, 0, 0]",0
216,103,32708,r,"[0, 0, 0, 0, 0, 0, 0, 0]",0
216,103,32725,r,"[0, 0, 0, 0, 0, 0, 0, 0]",0
216,103,32741,r,"[0, 0, 0, 0, 0, 0, 0, 0]",0
216,103,32758,r,"[0, 0, 0, 0, 0, 0, 0, 0]",0
216,103,32775,r,"[0, 0, 0, 0, 0, 0, 0, 0]",0
216,103,32791,r,"[0, 0, 0, 0, 0, 0, 0, 0]",0
216,103,32808,r,"[0, 0, 0, 0, 0, 0, 0, 0]",0
216,103,32825,r,"[0, 0, 0, 0, 0, 0, 0, 0]",0
216,103,32841,r,"[0, 0, 0, 0, 0, 0, 0, 0]",0
216,103,32858,r,"[0, 0, 0, 0, 0, 0, 0, 0]",0
216,103,32875,r,"[0, 0, 0, 0, 0, 0, 0, 0]",0
216,103,32891,r,"[0, 0, 0, 0, 0, 0, 0, 0]",0
216,103,32908,r,"[0, 0, 0, 0, 0, 0, 0, 0]",0
216,103,32925,,"[0, 0, 0, 0, 0, 0, 0, 0]",0
216,103,32941,,"[0, 0, 0, 0, 0, 0, 0, 0]",0
216,103,32958,,"[0, 0, 0, 0, 0, 0, 0, 0]",0
216,103,32975,,"[0, 0, 0, 0, 0, 0, 0, 0]",0
216,103,32991,,"[0, 0, 0, 0, 0, 0, 0, 0]",0
216,103,33008,,"[0, 0, 0, 0, 0, 0, 0, 0]",0
216,103,33025,d,"[0, 0, 0, 0, 0, 0, 0, 0]",0
216,103,33041,d,"[0, 0, 0, 0, 0, 0, 0, 0]",0
216,104,33058,d,"[0, 0, 0, 0, 0, 0, 0, 0]",0
216,104,33075,d,"[0, 0, 0, 0, 0, 0, 0, 0]",0
216,105,33091,d,"[0, 0, 0, 0, 0, 0, 0, 0]",0
216,106,33108,d,"[0, 0, 0, 0, 0, 0, 0, 0]",0
216,107,33125,d,"[0, 0, 0, 0, 0, 0, 0, 0]",0
216,108,33141,d,"[0, 0, 0, 0, 0, 0, 0, 0]",0
216,109,33158,d,"[0, 0, 0, 0, 0, 0, 0, 0]",0
216,109,33175,d,"[0, 0, 0, 0, 0, 0, 0, 0]",0
216,110,33191,d,"[0, 0, 0, 0, 0, 0, 0, 0]",0
216,111,33208,d,"[0, 0, 0, 0, 0, 0, 0, 0]",0
216,112,33225,d,"[0, 0, 0, 0, 0, 0, 0, 0]",0
216,113,33241,d,"[0, 0, 0, 0, 0, 0, 0, 0]",0
216,114,33258,d,"[0, 0, 0, 0, 0, 0, 0, 0]",0
216,114,33275,d,"[0, 0, 0, 0, 0, 0, 0, 0]",0
216,115,33291,d,"[0, 0, 0, 0, 0, 0, 0, 0]",0
216,116,33308,,"[0, 0, 0, 0, 0, 0, 0, 0]",0
216,117,33325,r,"[0, 0, 0, 0, 0, 0, 0, 0]",0
216,117,33341,r,"[0, 0, 0, 0, 0, 0, 0, 0]",0
217,117,33358,r,"[0, 0, 0, 0, 0, 0, 0, 0]",0
218,117,33375,r,"[0, 0, 0, 0, 0, 0, 0, 0]",0
219,117,33391,r,"[0, 0, 0, 0, 0, 0, 0, 0]",0
219,117,33408,r,"[0, 0, 0, 0, 0, 0, 0, 0]",0
220,117,33425,r,"[0, 0, 0, 0, 0, 0, 0, 0]",0
221,117,33441,r,"[0, 0, 0, 0, 0, 0, 0, 0]",0
222,117,33458,r,"[0, 0, 0, 0, 0, 0, 0, 0]",0
223,117,33475,r,"[0, 0, 0, 0, 0, 0, 0, 0]",0
224,117,33491,r,"[0, 0, 0, 0, 0, 0, 0, 0]",0
224,117,33508,r,"[0, 0, 0, 0, 0, 0, 0, 0]",0
225,117,33525,r,"[0, 0, 0, 0, 0, 0, 0, 0]",0
226,117,33541,r,"[0, 0, 0, 0, 0, 0, 0, 0]",0
227,117,33558,r,"[0, 0, 0, 0, 0, 0, 0, 0]",0
228,117,33575,r,"[0, 0, 0, 0, 0, 0, 0, 0]",0
229,117,33591,r,"[0, 0, 0, 0, 0, 0, 0, 0]",0
229,117,33608,r,"[0, 0, 0, 0, 0, 0, 0, 0]",0
230,117,33625,r,"[0, 0, 0, 0, 0, 0, 0, 0]",0
231,117,33641,r,"[0, 0, 0, 0, 0, 0, 0, 0]",0
232,117,33658,r,"[0, 0, 0, 0, 0, 0, 0, 0]",0
233,117,33675,r,"[0, 0, 0, 0, 0, 0, 0, 0]",0
234,117,33691,r,"[0, 0, 0, 0, 0, 0, 0, 0]",0
234,117,33708,r,"[0, 0, 0, 0, 0, 0, 0, 0]",0
235,117,33725,r,"[0, 0, 0, 0, 0, 0, 0, 0]",0
236,117,33741,r,"[0, 0, 0, 0, 0, 0, 0, 0]",0
237,117,33758,r,"[0, 0, 0, 0, 0, 0, 0, 0]",0
238,117,33775,r,"[0, 0, 0, 0, 0, 0, 0, 0]",0
239,117,33791,r,"[0, 0, 0, 0, 0, 0, 0, 0]",0
239,117,33808,r,"[0, 0, 0, 0, 0, 0, 0, 0]",0
240,117,33825,r,"[0, 0, 0, 0, 0, 0, 0, 0]",0
241,117,33841,r,"[0, 0, 0, 0, 0, 0, 0, 0]",0
242,117,33858,r,"[0, 0, 0, 0, 0, 0, 0, 0]",0
243,117,33875,r,"[0, 0, 0, 0, 0, 0, 0, 0]",0
244,117,33891,r,"[0, 0, 0, 0, 0, 0, 0, 0]",0
244,117,33908,r,"[0, 0, 0, 0, 0, 0, 0, 0]",0
245,117,33925,r,"[0, 0, 0, 0, 0, 0, 0, 0]",0
246,117,33941,r,"[0, 0, 0, 0, 0, 0, 0, 0]",0
247,117,33958,r,"[0, 0, 0, 0, 0, 0, 0, 0]",0
248,117,33975,r,"[0, 0, 0, 0, 0, 0, 0, 0]",0
249,117,33991,r,"[0, 0, 0, 0, 0, 0, 0, 0]",0
249,117,34008,r,"[0, 0, 0, 0, 0, 0, 0, 0]",0
250,117,34025,r,"[0, 0, 0, 0, 0, 0, 0, 0]",0
251,117,34058,r,"[0, 0, 0, 0, 0, 0, 0, 0]",0
252,117,34075,r,"[0, 0, 0, 0, 0, 0, 0, 0]",0
253,117,34091,r,"[0, 0, 0, 0, 0, 0, 0, 0]",0
254,117,34108,r,"[0, 0, 0, 0, 0, 0, 0, 0]",0
254,117,34125,r,"[0, 0, 0, 0, 0, 0, 0, 0]",0
255,117,34141,r,"[0, 0, 0, 0, 0, 0, 0, 0]",0
256,117,34158,r,"[0, 0, 0, 0, 0, 0, 0, 0]",0
257,117,34175,r,"[0, 0, 0, 0, 0, 0, 0, 0]",0
258,117,34191,r,"[0, 0, 0, 0, 0, 0, 0, 0]",0
259,117,34208,r,"[0, 0, 0, 0, 0, 0, 0, 0]",0
259,117,34225,r,"[0, 0, 0, 0, 0, 0, 0, 0]",0
260,117,34241,r,"[0, 0, 0, 0, 0, 0, 0, 0]",0
261,117,34258,r,"[0, 0, 0, 0, 0, 0, 0, 0]",0
262,117,34275,r,"[0, 0, 0, 0, 0, 0, 0, 0]",0
263,117,34291,r,"[0, 0, 0, 0, 0, 0, 0, 0]",0
264,117,34308,r,"[0, 0, 0, 0, 0, 0, 0, 0]",0
264,117,34325,r,"[0, 0, 0, 0, 0, 0, 0, 0]",0
265,117,34341,r,"[0, 0, 0, 0, 0, 0, 0, 0]",0
266,117,34358,r,"[0, 0, 0, 0, 0, 0, 0, 0]",0
267,117,34375,r,"[0, 0, 0, 0, 0, 0, 0, 0]",0
268,117,34391,r,"[0, 0, 0, 0, 0, 0, 0, 0]",0
269,117,34408,,"[0, 0, 0, 0, 0, 0, 0, 0]",0
269,117,34425,d,"[0, 0, 0, 0, 0, 0, 0, 0]",0
269,117,34441,d,"[0, 0, 0, 0, 0, 0, 0, 0]",0
269,118,34458,d,"[0, 0, 0, 0, 0, 0, 0, 0]",0
269,119,34475,d,"[0, 0, 0, 0, 0, 0, 0, 0]",0
269,119,34491,d,"[0, 0, 0, 0, 0, 0, 0, 0]",0
269,120,34508,d,"[0, 0, 0, 0, 0, 0, 0, 0]",0
269,121,34525,d,"[0, 0, 0, 0, 0, 0, 0, 0]",0
269,122,34541,d,"[0, 0, 0, 0, 0, 0, 0, 0]",0
269,123,34558,d,"[0, 0, 0, 0, 0, 0, 0, 0]",0
269,124,34575,d,"[0, 0, 0, 0, 0, 0, 0, 0]",0
269,124,34591,d,"[0, 0, 0, 0, 0, 0, 0, 0]",0
269,125,34608,d,"[0, 0, 0, 0, 0, 0, 0, 0]",0
269,126,34625,d,"[0, 0, 0, 0, 0, 0, 0, 0]",0
269,127,34641,d,"[0, 0, 0, 0, 0, 0, 0, 0]",0
269,128,34658,d,"[0, 0, 0, 0, 0, 0, 0, 0]",0
269,129,34675,d,"[0, 0, 0, 0, 0, 0, 0, 0]",0
269,129,34691,d,"[0, 0, 0, 0, 0, 0, 0, 0]",0
269,130,34708,d,"[0, 0, 0, 0, 0, 0, 0, 0]",0
269,131,34725,d,"[0, 0, 0, 0, 0, 0, 0, 0]",0
269,132,34741,d,"[0, 0, 0, 0, 0, 0, 0, 0]",0
269,133,34758,d,"[0, 0, 0, 0, 0, 0, 0, 0]",0
269,134,34775,d,"[0, 0, 0, 0, 0, 0, 0, 0]",0
269,134,34791,d,"[0, 0, 0, 0, 0, 0, 0, 0]",0
269,135,34808,d,"[0, 0, 0, 0, 0, 0, 0, 0]",0
269,136,34825,d,"[0, 0, 0, 0, 0, 0, 0, 0]",0
269,137,34841,d,"[0, 0, 0, 0, 0, 0, 0, 0]",0
269,138,34858,d,"[0, 0, 0, 0, 0, 0, 0, 0]",0
269,139,34875,d,"[0, 0, 0, 0, 0, 0, 0, 0]",0
269,139,34891,d,"[0, 0, 0, 0, 0, 0, 0, 0]",0
269,140,34908,d,"[0, 0, 0, 0, 0, 0, 0, 0]",0
269,141,34925,d,"[0, 0, 0, 0, 0, 0, 0, 0]",0
269,142,34941,d,"[0, 0, 0, 0, 0, 0, 0, 0]",0
269,143,34958,d,"[0, 0, 0, 0, 0, 0, 0, 0]",0
269,144,34975,d,"[0, 0, 0, 0, 0, 0, 0, 0]",0
269,144,34991,d,"[0, 0, 0, 0, 0, 0, 0, 0]",0
269,145,35008,d,"[0, 0, 0, 0, 0, 0, 0, 0]",0
269,146,35025,,"[0, 0, 0, 0, 0, 0, 0, 0]",0
269,147,35041,r,"[0, 0, 0, 0, 0, 0, 0, 0]",0
269,147,35058,r,"[0, 0, 0, 0, 0, 0, 0, 0]",0
270,147,35075,r,"[0, 0, 0, 0, 0, 0, 0, 0]",0
271,147,35091,r,"[0, 0, 0, 0, 0, 0, 0, 0]",0
272,147,35108,r,"[0, 0, 0, 0, 0, 0, 0, 0]",0
273,147,35125,r,"[0, 0, 0, 0, 0, 0, 0, 0]",0
274,147,35141,r,"[0, 0, 0, 0, 0, 0, 0, 0]",0
274,147,35158,r,"[0, 0, 0, 0, 0, 0, 0, 0]",0
275,147,35175,r,"[0, 0, 0, 0, 0, 0, 0, 0]",0
276,147,35191,r,"[0, 0, 0, 0, 0, 0, 0, 0]",0
277,147,35208,r,"[0, 0, 0, 0, 0, 0, 0, 0]",0
278,147,35225,r,"[0, 0, 0, 0, 0, 0, 0, 0]",0
279,147,35241,r,"[0, 0, 0, 0, 0, 0, 0, 0]",0
279,147,35258,r,"[0, 0, 0, 0, 0, 0, 0, 0]",0
280,147,35275,r,"[0, 0, 0, 0, 0, 0, 0, 0]",0
281,147,35291,r,"[0, 0, 0, 0, 0, 0, 0, 0]",0
282,147,35308,r,"[0, 0, 0, 0, 0, 0, 0, 0]",0
283,147,35325,r,"[0, 0, 0, 0, 0, 0, 0, 0]",0
284,147,35341,r,"[0, 0, 0, 0, 0, 0, 0, 0]",0
284,147,35358,r,"[0, 0, 0, 0, 0, 0, 0, 0]",0
285,147,35375,r,"[0, 0, 0, 0, 0, 0, 0, 0]",0
286,147,35391,r,"[0, 0, 0, 0, 0, 0, 0, 0]",0
287,147,35408,r,"[0, 0, 0, 0, 0, 0, 0, 0]",0
288,147,35425,r,"[0, 0, 0, 0, 0, 0, 0, 0]",0
289,147,35441,r,"[0, 0, 0, 0, 0, 0, 0, 0]",0
289,147,35458,r,"[0, 0, 0, 0, 0, 0, 0, 0]",0
290,147,35475,r,"[0, 0, 0, 0, 0, 0, 0, 0]",0
291,147,35491,r,"[0, 0, 0, 0, 0, 0, 0, 0]",0
292,147,35508,r,"[0, 0, 0, 0, 0, 0, 0, 0]",0
293,147,35525,r,"[0, 0, 0, 0, 0, 0, 0, 0]",0
294,147,35541,r,"[0, 0, 0, 0, 0, 0, 0, 0]",0
294,147,35558,r,"[0, 0, 0, 0, 0, 0, 0, 0]",0
295,147,35575,r,"[0, 0, 0, 0, 0, 0, 0, 0]",0
296,147,35591,r,"[0, 0, 0, 0, 0, 0, 0, 0]",0
297,147,35608,r,"[0, 0, 0, 0, 0, 0, 0, 0]",0
298,147,35625,r,"[0, 0, 0, 0, 0, 0, 0, 0]",0
299,147,35641,r,"[0, 0, 0, 0, 0, 0, 0, 0]",0
299,147,35658,r,"[0, 0, 0, 0, 0, 0, 0, 0]",0
300,147,35675,r,"[0, 0, 0, 0, 0, 0, 0, 0]",0
301,147,35691,r,"[0, 0, 0, 0, 0, 0, 0, 0]",0
302,147,35708,r,"[0, 0, 0, 0, 0, 0, 0, 0]",0
303,147,35725,r,"[0, 0, 0, 0, 0, 0, 0, 0]",0
303,147,35741,r,"[0, 0, 0, 0, 0, 0, 0, 0]",0
304,147,35758,r,"[0, 0, 0, 0, 0, 0, 0, 0]",0
305,147,35775,r,"[0, 0, 0, 0, 0, 0, 0, 0]",0
306,147,35791,r,"[0, 0, 0, 0, 0, 0, 0, 0]",0
307,147,35808,r,"[0, 0, 0, 0, 0, 0, 0, 0]",0
308,147,35825,r,"[0, 0, 0, 0, 0, 0, 0, 0]",0
308,147,35841,r,"[0, 0, 0, 0, 0, 0, 0, 0]",0
309,147,35858,r,"[0, 0, 0, 0, 0, 0, 0, 0]",0
310,147,35875,r,"[0, 0, 0, 0, 0, 0, 0, 0]",0
311,147,35891,r,"[0, 0, 0, 0, 0, 0, 0, 0]",0
312,147,35908,r,"[0, 0, 0, 0, 0, 0, 0, 0]",0
313,147,35925,r,"[0, 0, 0, 0, 0, 0, 0, 0]",0
313,147,35941,r,"[0, 0, 0, 0, 0, 0, 0, 0]",0
314,147,35958,r,"[0, 0, 0, 0, 0, 0, 0, 0]",0
315,147,35975,r,"[0, 0, 0, 0, 0, 0, 0, 0]",0
316,147,35991,r,"[0, 0, 0, 0, 0, 0, 0, 0]",0
317,147,36008,r,"[0, 0, 0, 0, 0, 0, 0, 0]",0
318,147,36025,r,"[0, 0, 0, 0, 0, 0, 0, 0]",0
318,147,36041,r,"[0, 0, 0, 0, 0, 0, 0, 0]",0
319,147,36058,r,"[0, 0, 0, 0, 0, 0, 0, 0]",0
320,147,36075,r,"[0, 0, 0, 0, 0, 0, 0, 0]",0
321,147,36091,r,"[0, 0, 0, 0, 0, 0, 0, 0]",0
322,147,36108,r,"[0, 0, 0, 0, 0, 0, 0, 0]",0
323,147,36125,r,"[0, 0, 0, 0, 0, 0, 0, 0]",0
323,147,36141,r,"[0, 0, 0, 0, 0, 0, 0, 0]",0
324,147,36158,r,"[0, 0, 0, 0, 0, 0, 0, 0]",0
325,147,36175,r,"[0, 0, 0, 0, 0, 0, 0, 0]",0
326,147,36191,r,"[0, 0, 0, 0, 0, 0, 0, 0]",0
327,147,36208,r,"[0, 0, 0, 0, 0, 0, 0, 0]",0
328,147,36225,r,"[0, 0, 0, 0, 0, 0, 0, 0]",0
328,147,36241,r,"[0, 0, 0, 0, 0, 0, 0, 0]",0
329,147,36258,r,"[0, 0, 0, 0, 0, 0, 0, 0]",0
330,147,36275,r,"[0, 0, 0, 0, 0, 0, 0, 0]",0
331,147,36291,r,"[0, 0, 0, 0, 0, 0, 0, 0]",0
332,147,36308,r,"[0, 0, 0, 0, 0, 0, 0, 0]",0
333,147,36325,r,"[0, 0, 0, 0, 0, 0, 0, 0]",0
333,147,36341,r,"[0, 0, 0, 0, 0, 0, 0, 0]",0
334,147,36358,r,"[0, 0, 0, 0, 0, 0, 0, 0]",0
335,147,36375,r,"[0, 0, 0, 0, 0, 0, 0, 0]",0
336,147,36391,r,"[0, 0, 0, 0, 0, 0, 0, 0]",0
337,147,36408,r,"[0, 0, 0, 0, 0, 0, 0, 0]",0
338,147,36425,r,"[0, 0, 0, 0, 0, 0, 0, 0]",0
338,147,36441,r,"[0, 0, 0, 0, 0, 0, 0, 0]",0
339,147,36458,r,"[0, 0, 0, 0, 0, 0, 0, 0]",0
340,147,36475,r,"[0, 0, 0, 0, 0, 0, 0, 0]",0
341,147,36491,r,"[0, 0, 0, 0, 0, 0, 0, 0]",0
342,147,36508,r,"[0, 0, 0, 0, 0, 0, 0, 0]",0
343,147,36525,r,"[0, 0, 0, 0, 0, 0, 0, 0]",0
343,147,36541,r,"[0, 0, 0, 0, 0, 0, 0, 0]",0
344,147,36558,r,"[0, 0, 0, 0, 0, 0, 0, 0]",0
345,147,36575,r,"[0, 0, 0, 0, 0, 0, 0, 0]",0
346,147,36591,r,"[0, 0, 0, 0, 0, 0, 0, 0]",0
347,147,36608,r,"[0, 0, 0, 0, 0, 0, 0, 0]",0
348,147,36625,r,"[0, 0, 0, 0, 0, 0, 0, 0]",0
348,147,36641,r,"[0, 0, 0, 0, 0, 0, 0, 0]",0
349,147,36658,r,"[0, 0, 0, 0, 0, 0, 0, 0]",0
350,147,36675,r,"[0, 0, 0, 0, 0, 0, 0, 0]",0
351,147,36691,r,"[0, 0, 0, 0, 0, 0, 0, 0]",0
352,147,36708,r,"[0, 0, 0, 0, 0, 0, 0, 0]",0
353,147,36725,r,"[0, 0, 0, 0, 0, 0, 0, 0]",0
353,147,36741,r,"[0, 0, 0, 0, 0, 0, 0, 0]",0
354,147,36758,r,"[0, 0, 0, 0, 0, 0, 0, 0]",0
355,147,36775,r,"[0, 0, 0, 0, 0, 0, 0, 0]",0
356,147,36791,r,"[0, 0, 0, 0, 0, 0, 0, 0]",0
357,147,36808,r,"[0, 0, 0, 0, 0, 0, 0, 0]",0
358,147,36825,r,"[0, 0, 0, 0, 0, 0, 0, 0]",0
358,147,36841,r,"[0, 0, 0, 0, 0, 0, 0, 0]",0
359,147,36858,r,"[0, 0, 0, 0, 0, 0, 0, 0]",0
360,147,36875,r,"[0, 0, 0, 0, 0, 0, 0, 0]",0
361,147,36891,r,"[0, 0, 0, 0, 0, 0, 0, 0]",0
362,147,36908,r,"[0, 0, 0, 0, 0, 0, 0, 0]",0
363,147,36941,r,"[0, 0, 0, 0, 0, 0, 0, 0]",0
363,147,36958,r,"[0, 0, 0, 0, 0, 0, 0, 0]",0
364,147,36975,r,"[0, 0, 0, 0, 0, 0, 0, 0]",0
365,147,36991,r,"[0, 0, 0, 0, 0, 0, 0, 0]",0
366,147,37008,r,"[0, 0, 0, 0, 0, 0, 0, 0]",0
367,147,37025,r,"[0, 0, 0, 0, 0, 0, 0, 0]",0
368,147,37041,r,"[0, 0, 0, 0, 0, 0, 0, 0]",0
368,147,37058,r,"[0, 0, 0, 0, 0, 0, 0, 0]",0
369,147,37075,r,"[0, 0, 0, 0, 0, 0, 0, 0]",0
370,147,37091,r,"[0, 0, 0, 0, 0, 0, 0, 0]",0
371,147,37108,r,"[0, 0, 0, 0, 0, 0, 0, 0]",0
372,147,37125,r,"[0, 0, 0, 0, 0, 0, 0, 0]",0
373,147,37141,r,"[0, 0, 0, 0, 0, 0, 0, 0]",0
373,147,37158,r,"[0, 0, 0, 0, 0, 0, 0, 0]",0
374,147,37175,r,"[0, 0, 0, 0, 0, 0, 0, 0]",0
375,147,37191,r,"[0, 0, 0, 0, 0, 0, 0, 0]",0
376,147,37208,r,"[0, 0, 0, 0, 0, 0, 0, 0]",0
377,147,37225,r,"[0, 0, 0, 0, 0, 0, 0, 0]",0
378,147,37241,r,"[0, 0, 0, 0, 0, 0, 0, 0]",0
378,147,37258,r,"[0, 0, 0, 0, 0, 0, 0, 0]",0
379,147,37275,r,"[0, 0, 0, 0, 0, 0, 0, 0]",0
380,147,37291,r,"[0, 0, 0, 0, 0, 0, 0, 0]",0
381,147,37308,r,"[0, 0, 0, 0, 0, 0, 0, 0]",0
382,147,37325,r,"[0, 0, 0, 0, 0, 0, 0, 0]",0
383,147,37341,r,"[0, 0, 0, 0, 0, 0, 0, 0]",0
383,147,37358,r,"[0, 0, 0, 0, 0, 0, 0, 0]",0
384,147,37375,r,"[0, 0, 0, 0, 0, 0, 0, 0]",0
385,147,37391,r,"[0, 0, 0, 0, 0, 0, 0, 0]",0
386,147,37408,r,"[0, 0, 0, 0, 0, 0, 0, 0]",0
387,147,37425,r,"[0, 0, 0, 0, 0, 0, 0, 0]",0
388,147,37441,r,"[0, 0, 0, 0, 0, 0, 0, 0]",0
388,147,37458,r,"[0, 0, 0, 0, 0, 0, 0, 0]",0
389,147,37475,r,"[0, 0, 0, 0, 0, 0, 0, 0]",0
390,147,37491,r,"[0, 0, 0, 0, 0, 0, 0, 0]",0
391,147,37508,r,"[0, 0, 0, 0, 0, 0, 0, 0]",0
392,147,37525,r,"[0, 0, 0, 0, 0, 0, 0, 0]",0
393,147,37541,r,"[0, 0, 0, 0, 0, 0, 0, 0]",0
393,147,37558,r,"[0, 0, 0, 0, 0, 0, 0, 0]",0
394,147,37575,r,"[0, 0, 0, 0, 0, 0, 0, 0]",0
395,147,37591,r,"[0, 0, 0, 0, 0, 0, 0, 0]",0
396,147,37608,r,"[0, 0, 0, 0, 0, 0, 0, 0]",0
397,147,37625,r,"[0, 0, 0, 0, 0, 0, 0, 0]",0
398,147,37641,r,"[0, 0, 0, 0, 0, 0, 0, 0]",0
398,147,37658,r,"[0, 0, 0, 0, 0, 0, 0, 0]",0
399,147,37675,r,"[0, 0, 0, 0, 0, 0, 0, 0]",0
400,147,37691,r,"[0, 0, 0, 0, 0, 0, 0, 0]",0
401,147,37708,r,"[0, 0, 0, 0, 0, 0, 0, 0]",0
402,147,37725,r,"[0, 0, 0, 0, 0, 0, 0, 0]",0
403,147,37741,r,"[0, 0, 0, 0, 0, 0, 0, 0]",0
403,147,37758,r,"[0, 0, 0, 0, 0, 0, 0, 0]",0
404,147,37775,r,"[0, 0, 0, 0, 0, 0, 0, 0]",0
405,147,37791,,"[0, 0, 0, 0, 0, 0, 0, 0]",0
406,147,37808,d,"[0, 0, 0, 0, 0, 0, 0, 0]",0
406,147,37825,d,"[0, 0, 0, 0, 0, 0, 0, 0]",0
406,148,37841,d,"[0, 0, 0, 0, 0, 0, 0, 0]",0
406,149,37858,d,"[0, 0, 0, 0, 0, 0, 0, 0]",0
406,149,37875,d,"[0, 0, 0, 0, 0, 0, 0, 0]",0
406,150,37891,d,"[0, 0, 0, 0, 0, 0, 0, 0]",0
406,151,37908,d,"[0, 0, 0, 0, 0, 0, 0, 0]",0
406,152,37925,d,"[0, 0, 0, 0, 0, 0, 0, 0]",0
406,153,37941,d,"[0, 0, 0, 0, 0, 0, 0, 0]",0
406,154,37958,d,"[0, 0, 0, 0, 0, 0, 0, 0]",0
406,154,37975,d,"[0, 0, 0, 0, 0, 0, 0, 0]",0
406,155,37991,d,"[0, 0, 0, 0, 0, 0, 0, 0]",0
406,156,38008,d,"[0, 0, 0, 0, 0, 0, 0, 0]",0
406,157,38025,d,"[0, 0, 0, 0, 0, 0, 0, 0]",0
406,158,38041,d,"[0, 0, 0, 0, 0, 0, 0, 0]",0
406,159,38058,d,"[0, 0, 0, 0, 0, 0, 0, 0]",0
406,159,38075,d,"[0, 0, 0, 0, 0, 0, 0, 0]",0
406,160,38091,d,"[0, 0, 0, 0, 0, 0, 0, 0]",0
406,161,38108,d,"[0, 0, 0, 0, 0, 0, 0, 0]",0
406,162,38125,d,"[0, 0, 0, 0, 0, 0, 0, 0]",0
406,163,38141,d,"[0, 0, 0, 0, 0, 0, 0, 0]",0
406,164,38158,d,"[0, 0, 0, 0, 0, 0, 0, 0]",0
406,164,38175,d,"[0, 0, 0, 0, 0, 0, 0, 0]",0
406,165,38191,d,"[0, 0, 0, 0, 0, 0, 0, 0]",0
406,166,38208,d,"[0, 0, 0, 0, 0, 0, 0, 0]",0
406,167,38225,d,"[0, 0, 0, 0, 0, 0, 0, 0]",0
406,168,38241,d,"[0, 0, 0, 0, 0, 0, 0, 0]",0
406,169,38258,d,"[0, 0, 0, 0, 0, 0, 0, 0]",0
406,169,38275,d,"[0, 0, 0, 0, 0, 0, 0, 0]",0
406,170,38291,d,"[0, 0, 0, 0, 0, 0, 0, 0]",0
406,171,38308,d,"[0, 0, 0, 0, 0, 0, 0, 0]",0
406,172,38325,d,"[0, 0, 0, 0, 0, 0, 0, 0]",0
406,173,38341,d,"[0, 0, 0, 0, 0, 0, 0, 0]",0
406,174,38358,d,"[0, 0, 0, 0, 0, 0, 0, 0]",0
406,174,38375,d,"[0, 0, 0, 0, 0, 0, 0, 0]",0
406,175,38391,d,"[0, 0, 0, 0, 0, 0, 0, 0]",0
406,176,38408,d,"[0, 0, 0, 0, 0, 0, 0, 0]",0
406,177,38425,d,"[0, 0, 0, 0, 0, 0, 0, 0]",0
406,178,38441,d,"[0, 0, 0, 0, 0, 0, 0, 0]",0
406,179,38458,d,"[0, 0, 0, 0, 0, 0, 0, 0]",0
406,179,38475,d,"[0, 0, 0, 0, 0, 0, 0, 0]",0
406,180,38491,d,"[0, 0, 0, 0, 0, 0, 0, 0]",0
406,181,38508,d,"[0, 0, 0, 0, 0, 0, 0, 0]",0
406,182,38525,d,"[0, 0, 0, 0, 0, 0, 0, 0]",0
406,183,38541,d,"[0, 0, 0, 0, 0, 0, 0, 0]",0
406,184,38558,d,"[0, 0, 0, 0, 0, 0, 0, 0]",0
406,184,38575,d,"[0, 0, 0, 0, 0, 0, 0, 0]",0
406,185,38591,d,"[0, 0, 0, 0, 0, 0, 0, 0]",0
406,186,38608,d,"[0, 0, 0, 0, 0, 0, 0, 0]",0
406,187,38625,d,"[0, 0, 0, 0, 0, 0, 0, 0]",0
406,188,38641,d,"[0, 0, 0, 0, 0, 0, 0, 0]",0
406,189,38658,d,"[0, 0, 0, 0, 0, 0, 0, 0]",0
406,189,38675,d,"[0, 0, 0, 0, 0, 0, 0, 0]",0
406,190,38691,d,"[0, 0, 0, 0, 0, 0, 0, 0]",0
406,191,38708,d,"[0, 0, 0, 0, 0, 0, 0, 0]",0
406,192,38725,d,"[0, 0, 0, 0, 0, 0, 0, 0]",0
406,193,38741,d,"[0, 0, 0, 0, 0, 0, 0, 0]",0
406,194,38758,d,"[0, 0, 0, 0, 0, 0, 0, 0]",0
406,194,38775,d,"[0, 0, 0, 0, 0, 0, 0, 0]",0
406,195,38791,d,"[0, 0, 0, 0, 0, 0, 0, 0]",0
406,196,38808,d,"[0, 0, 0, 0, 0, 0, 0, 0]",0
406,197,38825,d,"[0, 0, 0, 0, 0, 0, 0, 0]",0
406,198,38841,d,"[0, 0, 0, 0, 0, 0, 0, 0]",0
406,199,38858,d,"[0, 0, 0, 0, 0, 0, 0, 0]",0
406,199,38875,d,"[0, 0, 0, 0, 0, 0, 0, 0]",0
406,200,38891,d,"[0, 0, 0, 0, 0, 0, 0, 0]",0
406,201,38908,d,"[0, 0, 0, 0, 0, 0, 0, 0]",0
406,202,38925,d,"[0, 0, 0, 0, 0, 0, 0, 0]",0
406,203,38941,d,"[0, 0, 0, 0, 0, 0, 0, 0]",0
406,204,38958,d,"[0, 0, 0, 0, 0, 0, 0, 0]",0
406,204,38975,d,"[0, 0, 0, 0, 0, 0, 0, 0]",0
406,205,38991,d,"[0, 0, 0, 0, 0, 0, 0, 0]",0
406,206,39008,d,"[0, 0, 0, 0, 0, 0, 0, 0]",0
406,207,39025,d,"[0, 0, 0, 0, 0, 0, 0, 0]",0
406,208,39041,d,"[0, 0, 0, 0, 0, 0, 0, 0]",0
406,209,39058,d,"[0, 0, 0, 0, 0, 0, 0, 0]",0
406,209,39074,d,"[0, 0, 0, 0, 0, 0, 0, 0]",0
406,210,39091,d,"[0, 0, 0, 0, 0, 0, 0, 0]",0
406,211,39108,d,"[0, 0, 0, 0, 0, 0, 0, 0]",0
406,212,39124,d,"[0, 0, 0, 0, 0, 0, 0, 0]",0
406,213,39141,d,"[0, 0, 0, 0, 0, 0, 0, 0]",0
406,214,39158,d,"[0, 0, 0, 0, 0, 0, 0, 0]",0
406,214,39174,d,"[0, 0, 0, 0, 0, 0, 0, 0]",0
406,215,39191,d,"[0, 0, 0, 0, 0, 0, 0, 0]",0
406,216,39208,d,"[0, 0, 0, 0, 0, 0, 0, 0]",0
406,217,39224,d,"[0, 0, 0, 0, 0, 0, 0, 0]",0
406,218,39241,d,"[0, 0, 0, 0, 0, 0, 0, 0]",0
406,219,39258,d,"[0, 0, 0, 0, 0, 0, 0, 0]",0
406,219,39274,d,"[0, 0, 0, 0, 0, 0, 0, 0]",0
406,220,39291,d,"[0, 0, 0, 0, 0, 0, 0, 0]",0
406,221,39308,d,"[0, 0, 0, 0, 0, 0, 0, 0]",0
406,222,39324,d,"[0, 0, 0, 0, 0, 0, 0, 0]",0
406,223,39341,d,"[0, 0, 0, 0, 0, 0, 0, 0]",0
406,224,39358,d,"[0, 0, 0, 0, 0, 0, 0, 0]",0
406,224,39374,d,"[0, 0, 0, 0, 0, 0, 0, 0]",0
406,225,39391,d,"[0, 0, 0, 0, 0, 0, 0, 0]",0
406,226,39408,d,"[0, 0, 0, 0, 0, 0, 0, 0]",0
406,227,39424,d,"[0, 0, 0, 0, 0, 0, 0, 0]",0
406,228,39441,d,"[0, 0, 0, 0, 0, 0, 0, 0]",0
406,229,39458,d,"[0, 0, 0, 0, 0, 0, 0, 0]",0
406,229,39474,d,"[0, 0, 0, 0, 0, 0, 0, 0]",0
406,230,39491,d,"[0, 0, 0, 0, 0, 0, 0, 0]",0
406,231,39508,d,"[0, 0, 0, 0, 0, 0, 0, 0]",0
406,232,39524,d,"[0, 0, 0, 0, 0, 0, 0, 0]",0
406,233,39541,d,"[0, 0, 0, 0, 0, 0, 0, 0]",0
406,234,39558,d,"[0, 0, 0, 0, 0, 0, 0, 0]",0
406,234,39574,d,"[0, 0, 0, 0, 0, 0, 0, 0]",0
406,235,39591,d,"[0, 0, 0, 0, 0, 0, 0, 0]",0
406,236,39608,d,"[0, 0, 0, 0, 0, 0, 0, 0]",0
406,237,39624,d,"[0, 0, 0, 0, 0, 0, 0, 0]",0
406,238,39641,d,"[0, 0, 0, 0, 0, 0, 0, 0]",0
406,239,39658,d,"[0, 0, 0, 0, 0, 0, 0, 0]",0
406,240,39674,d,"[0, 0, 0, 0, 0, 0, 0, 0]",0
406,240,39691,d,"[0, 0, 0, 0, 0, 0, 0, 0]",0
406,241,39708,d,"[0, 0, 0, 0, 0, 0, 0, 0]",0
406,242,39724,d,"[0, 0, 0, 0, 0, 0, 0, 0]",0
406,243,39741,d,"[0, 0, 0, 0, 0, 0, 0, 0]",0
406,244,39774,d,"[0, 0, 0, 0, 0, 0, 0, 0]",0
406,245,39791,d,"[0, 0, 0, 0, 0, 0, 0, 0]",0
406,245,39808,d,"[0, 0, 0, 0, 0, 0, 0, 0]",0
406,246,39824,d,"[0, 0, 0, 0, 0, 0, 0, 0]",0
406,247,39841,d,"[0, 0, 0, 0, 0, 0, 0, 0]",0
406,248,39858,d,"[0, 0, 0, 0, 0, 0, 0, 0]",0
406,249,39874,d,"[0, 0, 0, 0, 0, 0, 0, 0]",0
406,250,39891,d,"[0, 0, 0, 0, 0, 0, 0, 0]",0
406,250,39908,d,"[0, 0, 0, 0, 0, 0, 0, 0]",0
406,251,39924,d,"[0, 0, 0, 0, 0, 0, 0, 0]",0
406,252,39941,d,"[0, 0, 0, 0, 0, 0, 0, 0]",0
406,253,39958,d,"[0, 0, 0, 0, 0, 0, 0, 0]",0
406,254,39974,d,"[0, 0, 0, 0, 0, 0, 0, 0]",0
406,255,39991,d,"[0, 0, 0, 0, 0, 0, 0, 0]",0
406,255,40008,d,"[0, 0, 0, 0, 0, 0, 0, 0]",0
406,256,40024,d,"[0, 0, 0, 0, 0, 0, 0, 0]",0
406,257,40041,d,"[0, 0, 0, 0, 0, 0, 0, 0]",0
406,258,40058,d,"[0, 0, 0, 0, 0, 0, 0, 0]",0
406,259,40074,d,"[0, 0, 0, 0, 0, 0, 0, 0]",0
406,260,40091,d,"[0, 0, 0, 0, 0, 0, 0, 0]",0
406,260,40108,d,"[0, 0, 0, 0, 0, 0, 0, 0]",0
406,261,40124,d,"[0, 0, 0, 0, 0, 0, 0, 0]",0
406,262,40141,d,"[0, 0, 0, 0, 0, 0, 0, 0]",0
406,263,40158,d,"[0, 0, 0, 0, 0, 0, 0, 0]",0
406,264,40174,d,"[0, 0, 0, 0, 0, 0, 0, 0]",0
406,265,40191,d,"[0, 0, 0, 0, 0, 0, 0, 0]",0
406,265,40208,d,"[0, 0, 0, 0, 0, 0, 0, 0]",0
406,266,40224,d,"[0, 0, 0, 0, 0, 0, 0, 0]",0
406,267,40241,d,"[0, 0, 0, 0, 0, 0, 0, 0]",0
406,268,40258,d,"[0, 0, 0, 0, 0, 0, 0, 0]",0
406,269,40274,d,"[0, 0, 0, 0, 0, 0, 0, 0]",0
406,270,40291,d,"[0, 0, 0, 0, 0, 0, 0, 0]",0
406,270,40308,d,"[0, 0, 0, 0, 0, 0, 0, 0]",0
406,271,40324,d,"[0, 0, 0, 0, 0, 0, 0, 0]",0
406,272,40341,d,"[0, 0, 0, 0, 0, 0, 0, 0]",0
406,273,40358,d,"[0, 0, 0, 0, 0, 0, 0, 0]",0
406,274,40374,d,"[0, 0, 0, 0, 0, 0, 0, 0]",0
406,275,40391,d,"[0, 0, 0, 0, 0, 0, 0, 0]",0
406,275,40408,d,"[0, 0, 0, 0, 0, 0, 0, 0]",0
406,276,40424,d,"[0, 0, 0, 0, 0, 0, 0, 0]",0
406,277,40441,d,"[0, 0, 0, 0, 0, 0, 0, 0]",0
406,278,40458,d,"[0, 0, 0, 0, 0, 0, 0, 0]",0
406,279,40474,d,"[0, 0, 0, 0, 0, 0, 0, 0]",0
406,280,40491,d,"[0, 0, 0, 0, 0, 0, 0, 0]",0
406,280,40508,d,"[0, 0, 0, 0, 0, 0, 0, 0]",0
406,281,40524,d,"[0, 0, 0, 0, 0, 0, 0, 0]",0
406,282,40541,d,"[0, 0, 0, 0, 0, 0, 0, 0]",0
406,283,40558,d,"[0, 0, 0, 0, 0, 0, 0, 0]",0
406,284,40574,d,"[0, 0, 0, 0, 0, 0, 0, 0]",0
406,285,40591,d,"[0, 0, 0, 0, 0, 0, 0, 0]",0
406,285,40608,d,"[0, 0, 0, 0, 0, 0, 0, 0]",0
406,286,40624,d,"[0, 0, 0, 0, 0, 0, 0, 0]",0
406,287,40641,d,"[0, 0, 0, 0, 0, 0, 0, 0]",0
406,288,40658,d,"[0, 0, 0, 0, 0, 0, 0, 0]",0
406,289,40674,d,"[0, 0, 0, 0, 0, 0, 0, 0]",0
406,289,40691,d,"[0, 0, 0, 0, 0, 0, 0, 0]",0
406,290,40708,d,"[0, 0, 0, 0, 0, 0, 0, 0]",0
406,291,40724,d,"[0, 0, 0, 0, 0, 0, 0, 0]",0
406,292,40741,d,"[0, 0, 0, 0, 0, 0, 0, 0]",0
406,293,40758,d,"[0, 0, 0, 0, 0, 0, 0, 0]",0
406,294,40774,dr,"[0, 0, 0, 0, 0, 0, 0, 0]",0
406,294,40791,dr,"[0, 0, 0, 0, 0, 0, 0, 0]",0
406,295,40808,dr,"[0, 0, 0, 0, 0, 0, 0, 0]",0
406,296,40824,dr,"[0, 0, 0, 0, 0, 0, 0, 0]",0
406,297,40841,dr,"[0, 0, 0, 0, 0, 0, 0, 0]",0
406,298,40858,dr,"[0, 0, 0, 0, 0, 0, 0, 0]",0
406,299,40874,dr,"[0, 0, 0, 0, 0, 0, 0, 0]",0
406,299,40891,dr,"[0, 0, 0, 0, 0, 0, 0, 0]",0
406,300,40908,dr,"[0, 0, 0, 0, 0, 0, 0, 0]",0
406,301,40924,dr,"[0, 0, 0, 0, 0, 0, 0, 0]",0
406,302,40941,dr,"[0, 0, 0, 0, 0, 0, 0, 0]",0
406,303,40958,dr,"[0, 0, 0, 0, 0, 0, 0, 0]",0
406,304,40974,dr,"[0, 0, 0, 0, 0, 0, 0, 0]",0
406,304,40991,dr,"[0, 0, 0, 0, 0, 0, 0, 0]",0
406,305,41008,dr,"[0, 0, 0, 0, 0, 0, 0, 0]",0
406,306,41024,dr,"[0, 0, 0, 0, 0, 0, 0, 0]",0
406,307,41041,dr,"[0, 0, 0, 0, 0, 0, 0, 0]",0
406,308,41058,dr,"[0, 0, 0, 0, 0, 0, 0, 0]",0
406,309,41074,dr,"[0, 0, 0, 0, 0, 0, 0, 0]",0
406,309,41091,dr,"[0, 0, 0, 0, 0, 0, 0, 0]",0
406,310,41108,dr,"[0, 0, 0, 0, 0, 0, 0, 0]",0
406,311,41124,dr,"[0, 0, 0, 0, 0, 0, 0, 0]",0
406,312,41141,dr,"[0, 0, 0, 0, 0, 0, 0, 0]",0
406,313,41158,dr,"[0, 0, 0, 0, 0, 0, 0, 0]",0
406,314,41174,dr,"[0, 0, 0, 0, 0, 0, 0, 0]",0
406,314,41191,dr,"[0, 0, 0, 0, 0, 0, 0, 0]",0
406,315,41208,dr,"[0, 0, 0, 0, 0, 0, 0, 0]",0
406,316,41224,dr,"[0, 0, 0, 0, 0, 0, 0, 0]",0
406,317,41241,dr,"[0, 0, 0, 0, 0, 0, 0, 0]",0
406,318,41258,dr,"[0, 0, 0, 0, 0, 0, 0, 0]",0
406,319,41274,dr,"[0, 0, 0, 0, 0, 0, 0, 0]",0
406,319,41291,dr,"[0, 0, 0, 0, 0, 0, 0, 0]",0
406,320,41308,dr,"[0, 0, 0, 0, 0, 0, 0, 0]",0
406,321,41324,dr,"[0, 0, 0, 0, 0, 0, 0, 0]",0
406,322,41341,dr,"[0, 0, 0, 0, 0, 0, 0, 0]",0
406,323,41358,dr,"[0, 0, 0, 0, 0, 0, 0, 0]",0
406,324,41374,dr,"[0, 0, 0, 0, 0, 0, 0, 0]",0
406,324,41391,dr,"[0, 0, 0, 0, 0, 0, 0, 0]",0
406,325,41408,dr,"[0, 0, 0, 0, 0, 0, 0, 0]",0
406,326,41424,dr,"[0, 0, 0, 0, 0, 0, 0, 0]",0
406,327,41441,r,"[0, 0, 0, 0, 0, 0, 0, 0]",0
406,328,41458,r,"[0, 0, 0, 0, 0, 0, 0, 0]",0
407,328,41474,r,"[0, 0, 0, 0, 0, 0, 0, 0]",0
408,328,41491,r,"[0, 0, 0, 0, 0, 0, 0, 0]",0
408,328,41508,r,"[0, 0, 0, 0, 0, 0, 0, 0]",0
409,328,41524,r,"[0, 0, 0, 0, 0, 0, 0, 0]",0
410,328,41541,r,"[0, 0, 0, 0, 0, 0, 0, 0]",0
411,328,41558,r,"[0, 0, 0, 0, 0, 0, 0, 0]",0
412,328,41574,r,"[0, 0, 0, 0, 0, 0, 0, 0]",0
413,328,41591,r,"[0, 0, 0, 0, 0, 0, 0, 0]",0
413,328,41608,r,"[0, 0, 0, 0, 0, 0, 0, 0]",0
414,328,41624,r,"[0, 0, 0, 0, 0, 0, 0, 0]",0
415,328,41641,r,"[0, 0, 0, 0, 0, 0, 0, 0]",0
416,328,41658,r,"[0, 0, 0, 0, 0, 0, 0, 0]",0
417,328,41674,r,"[0, 0, 0, 0, 0, 0, 0, 0]",0
418,328,41691,r,"[0, 0, 0, 0, 0, 0, 0, 0]",0
418,328,41708,r,"[0, 0, 0, 0, 0, 0, 0, 0]",0
419,328,41724,r,"[0, 0, 0, 0, 0, 0, 0, 0]",0
420,328,41741,r,"[0, 0, 0, 0, 0, 0, 0, 0]",0
421,328,41758,r,"[0, 0, 0, 0, 0, 0, 0, 0]",0
422,328,41774,r,"[0, 0, 0, 0, 0, 0, 0, 0]",0
423,328,41791,r,"[0, 0, 0, 0, 0, 0, 0, 0]",0
423,328,41808,r,"[0, 0, 0, 0, 0, 0, 0, 0]",0
424,328,41824,r,"[0, 0, 0, 0, 0, 0, 0, 0]",0
425,328,41841,r,"[0, 0, 0, 0, 0, 0, 0, 0]",0
426,328,41858,r,"[0, 0, 0, 0, 0, 0, 0, 0]",0
427,328,41874,r,"[0, 0, 0, 0, 0, 0, 0, 0]",0
428,328,41891,r,"[0, 0, 0, 0, 0, 0, 0, 0]",0
428,328,41908,r,"[0, 0, 0, 0, 0, 0, 0, 0]",0
429,328,41924,r,"[0, 0, 0, 0, 0, 0, 0, 0]",0
430,328,41941,r,"[0, 0, 0, 0, 0, 0, 0, 0]",0
431,328,41958,r,"[0, 0, 0, 0, 0, 0, 0, 0]",0
432,328,41974,r,"[0, 0, 0, 0, 0, 0, 0, 0]",0
433,328,41991,r,"[0, 0, 0, 0, 0, 0, 0, 0]",0
433,328,42008,r,"[0, 0, 0, 0, 0, 0, 0, 0]",0
434,328,42024,r,"[0, 0, 0, 0, 0, 0, 0, 0]",0
435,328,42041,r,"[0, 0, 0, 0, 0, 0, 0, 0]",0
436,328,42058,r,"[0, 0, 0, 0, 0, 0, 0, 0]",0
437,328,42074,r,"[0, 0, 0, 0, 0, 0, 0, 0]",0
438,328,42091,r,"[0, 0, 0, 0, 0, 0, 0, 0]",0
438,328,42108,r,"[0, 0, 0, 0, 0, 0, 0, 0]",0
439,328,42124,r,"[0, 0, 0, 0, 0, 0, 0, 0]",0
440,328,42141,r,"[0, 0, 0, 0, 0, 0, 0, 0]",0
440,328,42158,r,"[0, 0, 0, 0, 0, 0, 0, 0]",0
440,328,42174,r,"[0, 0, 0, 0, 0, 0, 0, 0]",0
440,328,42191,r,"[0, 0, 0, 0, 0, 0, 0, 0]",0
440,328,42208,r,"[0, 0, 0, 0, 0, 0, 0, 0]",0
440,328,42224,r,"[0, 0, 0, 0, 0, 0, 0, 0]",0
440,328,42241,r,"[0, 0, 0, 0, 0, 0, 0, 0]",0
440,328,42258,r,"[0, 0, 0, 0, 0, 0, 0, 0]",0
440,328,42274,r,"[0, 0, 0, 0, 0, 0, 0, 0]",0
440,328,42291,r,"[0, 0, 0, 0, 0, 0, 0, 0]",0
440,328,42308,r,"[0, 0, 0, 0, 0, 0, 0, 0]",0
440,328,42324,r,"[0, 0, 0, 0, 0, 0, 0, 0]",0
440,328,42341,r,"[0, 0, 0, 0, 0, 0, 0, 0]",0
440,328,42358,r,"[0, 0, 0, 0, 0, 0, 0, 0]",0
440,328,42374,r,"[0, 0, 0, 0, 0, 0, 0, 0]",0
440,328,42391,r,"[0, 0, 0, 0, 0, 0, 0, 0]",0
440,328,42408,r,"[0, 0, 0, 0, 0, 0, 0, 0]",0
440,328,42424,r,"[0, 0, 0, 0, 0, 0, 0, 0]",0
440,328,42441,r,"[0, 0, 0, 0, 0, 0, 0, 0]",0
440,328,42458,r,"[0, 0, 0, 0, 0, 0, 0, 0]",0
440,328,42474,r,"[0, 0, 0, 0, 0, 0, 0, 0]",0
440,328,42491,r,"[0, 0, 0, 0, 0, 0, 0, 0]",0
440,328,42508,r,"[0, 0, 0, 0, 0, 0, 0, 0]",0
440,328,42524,r,"[0, 0, 0, 0, 0, 0, 0, 0]",0
440,328,42541,r,"[0, 0, 0, 0, 0, 0, 0, 0]",0
440,328,42558,r,"[0, 0, 0, 0, 0, 0, 0, 0]",0
440,328,42574,r,"[0, 0, 0, 0, 0, 0, 0, 0]",0
440,328,42591,r,"[0, 0, 0, 0, 0, 0, 0, 0]",0
440,328,42608,r,"[0, 0, 0, 0, 0, 0, 0, 0]",0
440,328,42624,r,"[0, 0, 0, 0, 0, 0, 0, 0]",0
440,328,42641,dr,"[0, 0, 0, 0, 0, 0, 0, 0]",0
440,328,42658,dr,"[0, 0, 0, 0, 0, 0, 0, 0]",0
440,329,42674,dr,"[0, 0, 0, 0, 0, 0, 0, 0]",0
440,329,42691,dr,"[0, 0, 0, 0, 0, 0, 0, 0]",0
440,330,42708,dr,"[0, 0, 0, 0, 0, 0, 0, 0]",0
440,331,42724,dr,"[0, 0, 0, 0, 0, 0, 0, 0]",0
440,332,42741,dr,"[0, 0, 0, 0, 0, 0, 0, 0]",0
440,333,42758,dr,"[0, 0, 0, 0, 0, 0, 0, 0]",0
440,334,42774,dr,"[0, 0, 0, 0, 0, 0, 0, 0]",0
440,334,42791,dr,"[0, 0, 0, 0, 0, 0, 0, 0]",0
440,335,42808,dr,"[0, 0, 0, 0, 0, 0, 0, 0]",0
440,336,42824,dr,"[0, 0, 0, 0, 0, 0, 0, 0]",0
440,337,42841,dr,"[0, 0, 0, 0, 0, 0, 0, 0]",0
440,338,42858,dr,"[0, 0, 0, 0, 0, 0, 0, 0]",0
440,339,42874,r,"[0, 0, 0, 0, 0, 0, 0, 0]",0
440,339,42891,r,"[0, 0, 0, 0, 0, 0, 0, 0]",0
441,339,42908,r,"[0, 0, 0, 0, 0, 0, 0, 0]",0
442,339,42924,r,"[0, 0, 0, 0, 0, 0, 0, 0]",0
442,339,42941,r,"[0, 0, 0, 0, 0, 0, 0, 0]",0
443,339,42958,r,"[0, 0, 0, 0, 0, 0, 0, 0]",0
444,339,42974,r,"[0, 0, 0, 0, 0, 0, 0, 0]",0
445,339,42991,r,"[0, 0, 0, 0, 0, 0, 0, 0]",0
446,339,43008,r,"[0, 0, 0, 0, 0, 0, 0, 0]",0
447,339,43024,r,"[0, 0, 0, 0, 0, 0, 0, 0]",0
447,339,43041,r,"[0, 0, 0, 0, 0, 0, 0, 0]",0
448,339,43058,r,"[0, 0, 0, 0, 0, 0, 0, 0]",0
449,339,43074,r,"[0, 0, 0, 0, 0, 0, 0, 0]",0
450,339,43091,r,"[0, 0, 0, 0, 0, 0, 0, 0]",0
451,339,43108,r,"[0, 0, 0, 0, 0, 0, 0, 0]",0
452,339,43124,r,"[0, 0, 0, 0, 0, 0, 0, 0]",0
452,339,43141,r,"[0, 0, 0, 0, 0, 0, 0, 0]",0
453,339,43158,r,"[0, 0, 0, 0, 0, 0, 0, 0]",0
454,339,43174,r,"[0, 0, 0, 0, 0, 0, 0, 0]",0
455,339,43191,r,"[0, 0, 0, 0, 0, 0, 0, 0]",0
456,339,43208,r,"[0, 0, 0, 0, 0, 0, 0, 0]",0
457,339,43224,r,"[0, 0, 0, 0, 0, 0, 0, 0]",0
457,339,43241,r,"[0, 0, 0, 0, 0, 0, 0, 0]",0
458,339,43258,r,"[0, 0, 0, 0, 0, 0, 0, 0]",0
459,339,43274,r,"[0, 0, 0, 0, 0, 0, 0, 0]",0
460,339,43291,r,"[0, 0, 0, 0, 0, 0, 0, 0]",0
461,339,43308,r,"[0, 0, 0, 0, 0, 0, 0, 0]",0
462,339,43324,r,"[0, 0, 0, 0, 0, 0, 0, 0]",0
462,339,43341,r,"[0, 0, 0, 0, 0, 0, 0, 0]",0
463,339,43358,r,"[0, 0, 0, 0, 0, 0, 0, 0]",0
464,339,43374,r,"[0, 0, 0, 0, 0, 0, 0, 0]",0
465,339,43391,r,"[0, 0, 0, 0, 0, 0, 0, 0]",0
466,339,43408,r,"[0, 0, 0, 0, 0, 0, 0, 0]",0
467,339,43424,r,"[0, 0, 0, 0, 0, 0, 0, 0]",0
467,339,43441,r,"[0, 0, 0, 0, 0, 0, 0, 0]",0
468,339,43458,r,"[0, 0, 0, 0, 0, 0, 0, 0]",0
469,339,43474,r,"[0, 0, 0, 0, 0, 0, 0, 0]",0
470,339,43491,r,"[0, 0, 0, 0, 0, 0, 0, 0]",0
471,339,43508,r,"[0, 0, 0, 0, 0, 0, 0, 0]",0
472,339,43524,r,"[0, 0, 0, 0, 0, 0, 0, 0]",0
472,339,43541,r,"[0, 0, 0, 0, 0, 0, 0, 0]",0
473,339,43558,r,"[0, 0, 0, 0, 0, 0, 0, 0]",0
474,339,43574,r,"[0, 0, 0, 0, 0, 0, 0, 0]",0
475,339,43591,r,"[0, 0, 0, 0, 0, 0, 0, 0]",0
476,339,43608,r,"[0, 0, 0, 0, 0, 0, 0, 0]",0
477,339,43624,r,"[0, 0, 0, 0, 0, 0, 0, 0]",0
477,339,43641,r,"[0, 0, 0, 0, 0, 0, 0, 0]",0
478,339,43658,r,"[0, 0, 0, 0, 0, 0, 0, 0]",0
479,339,43674,r,"[0, 0, 0, 0, 0, 0, 0, 0]",0
480,339,43691,r,"[0, 0, 0, 0, 0, 0, 0, 0]",0
481,339,43708,r,"[0, 0, 0, 0, 0, 0, 0, 0]",0
482,339,43724,r,"[0, 0, 0, 0, 0, 0, 0, 0]",0
482,339,43741,r,"[0, 0, 0, 0, 0, 0, 0, 0]",0
483,339,43758,r,"[0, 0, 0, 0, 0, 0, 0, 0]",0
484,339,43774,r,"[0, 0, 0, 0, 0, 0, 0, 0]",0
485,339,43791,r,"[0, 0, 0, 0, 0, 0, 0, 0]",0
486,339,43808,r,"[0, 0, 0, 0, 0, 0, 0, 0]",0
487,339,43824,r,"[0, 0, 0, 0, 0, 0, 0, 0]",0
487,339,43841,r,"[0, 0, 0, 0, 0, 0, 0, 0]",0
488,339,43858,r,"[0, 0, 0, 0, 0, 0, 0, 0]",0
489,339,43874,r,"[0, 0, 0, 0, 0, 0, 0, 0]",0
490,339,43891,r,"[0, 0, 0, 0, 0, 0, 0, 0]",0
491,339,43908,r,"[0, 0, 0, 0, 0, 0, 0, 0]",0
492,339,43924,r,"[0, 0, 0, 0, 0, 0, 0, 0]",0
492,339,43941,r,"[0, 0, 0, 0, 0, 0, 0, 0]",0
493,339,43958,r,"[0, 0, 0, 0, 0, 0, 0, 0]",0
494,339,43974,r,"[0, 0, 0, 0, 0, 0, 0, 0]",0
495,339,43991,r,"[0, 0, 0, 0, 0, 0, 0, 0]",0
496,339,44008,r,"[0, 0, 0, 0, 0, 0, 0, 0]",0
497,339,44024,r,"[0, 0, 0, 0, 0, 0, 0, 0]",0
497,339,44041,r,"[0, 0, 0, 0, 0, 0, 0, 0]",0
498,339,44058,r,"[0, 0, 0, 0, 0, 0, 0, 0]",0
499,339,44074,r,"[0, 0, 0, 0, 0, 0, 0, 0]",0
500,339,44091,r,"[0, 0, 0, 0, 0, 0, 0, 0]",0
501,339,44108,r,"[0, 0, 0, 0, 0, 0, 0, 0]",0
502,339,44124,r,"[0, 0, 0, 0, 0, 0, 0, 0]",0
502,339,44141,r,"[0, 0, 0, 0, 0, 0, 0, 0]",0
503,339,44158,r,"[0, 0, 0, 0, 0, 0, 0, 0]",0
504,339,44174,r,"[0, 0, 0, 0, 0, 0, 0, 0]",0
505,339,44191,r,"[0, 0, 0, 0, 0, 0, 0, 0]",0
506,339,44208,r,"[0, 0, 0, 0, 0, 0, 0, 0]",0
507,339,44224,r,"[0, 0, 0, 0, 0, 0, 0, 0]",0
507,339,44241,r,"[0, 0, 0, 0, 0, 0, 0, 0]",0
508,339,44258,r,"[0, 0, 0, 0, 0, 0, 0, 0]",0
509,339,44274,r,"[0, 0, 0, 0, 0, 0, 0, 0]",0
510,339,44291,r,"[0, 0, 0, 0, 0, 0, 0, 0]",0
511,339,44308,r,"[0, 0, 0, 0, 0, 0, 0, 0]",0
512,339,44324,r,"[0, 0, 0, 0, 0, 0, 0, 0]",0
512,339,44341,r,"[0, 0, 0, 0, 0, 0, 0, 0]",0
513,339,44358,r,"[0, 0, 0, 0, 0, 0, 0, 0]",0
514,339,44374,r,"[0, 0, 0, 0, 0, 0, 0, 0]",0
515,339,44391,r,"[0, 0, 0, 0, 0, 0, 0, 0]",0
516,339,44408,r,"[0, 0, 0, 0, 0, 0, 0, 0]",0
517,339,44424,r,"[0, 0, 0, 0, 0, 0, 0, 0]",0
517,339,44441,r,"[0, 0, 0, 0, 0, 0, 0, 0]",0
518,339,44458,r,"[0, 0, 0, 0, 0, 0, 0, 0]",0
519,339,44474,r,"[0, 0, 0, 0, 0, 0, 0, 0]",0
520,339,44491,r,"[0, 0, 0, 0, 0, 0, 0, 0]",0
521,339,44508,r,"[0, 0, 0, 0, 0, 0, 0, 0]",0
522,339,44524,r,"[0, 0, 0, 0, 0, 0, 0, 0]",0
522,339,44541,r,"[0, 0, 0, 0, 0, 0, 0, 0]",0
523,339,44558,r,"[0, 0, 0, 0, 0, 0, 0, 0]",0
524,339,44574,r,"[0, 0, 0, 0, 0, 0, 0, 0]",0
525,339,44591,r,"[0, 0, 0, 0, 0, 0, 0, 0]",0
526,339,44608,r,"[0, 0, 0, 0, 0, 0, 0, 0]",0
527,339,44624,r,"[0, 0, 0, 0, 0, 0, 0, 0]",0
527,339,44641,r,"[0, 0, 0, 0, 0, 0, 0, 0]",0
528,339,44658,r,"[0, 0, 0, 0, 0, 0, 0, 0]",0
529,339,44674,r,"[0, 0, 0, 0, 0, 0, 0, 0]",0
530,339,44691,r,"[0, 0, 0, 0, 0, 0, 0, 0]",0
531,339,44708,r,"[0, 0, 0, 0, 0, 0, 0, 0]",0
532,339,44724,r,"[0, 0, 0, 0, 0, 0, 0, 0]",0
532,339,44741,r,"[0, 0, 0, 0, 0, 0, 0, 0]",0
533,339,44758,r,"[0, 0, 0, 0, 0, 0, 0, 0]",0
534,339,44774,r,"[0, 0, 0, 0, 0, 0, 0, 0]",0
535,339,44791,r,"[0, 0, 0, 0, 0, 0, 0, 0]",0
536,339,44808,r,"[0, 0, 0, 0, 0, 0, 0, 0]",0
537,339,44824,r,"[0, 0, 0, 0, 0, 0, 0, 0]",0
537,339,44841,r,"[0, 0, 0, 0, 0, 0, 0, 0]",0
538,339,44858,r,"[0, 0, 0, 0, 0, 0, 0, 0]",0
539,339,44874,r,"[0, 0, 0, 0, 0, 0, 0, 0]",0
540,339,44891,r,"[0, 0, 0, 0, 0, 0, 0, 0]",0
541,339,44908,r,"[0, 0, 0, 0, 0, 0, 0, 0]",0
542,339,44924,r,"[0, 0, 0, 0, 0, 0, 0, 0]",0
542,339,44941,r,"[0, 0, 0, 0, 0, 0, 0, 0]",0
543,339,44958,r,"[0, 0, 0, 0, 0, 0, 0, 0]",0
544,339,44974,r,"[0, 0, 0, 0, 0, 0, 0, 0]",0
545,339,44991,r,"[0, 0, 0, 0, 0, 0, 0, 0]",0
546,339,45008,r,"[0, 0, 0, 0, 0, 0, 0, 0]",0
547,339,45024,r,"[0, 0, 0, 0, 0, 0, 0, 0]",0
547,339,45041,r,"[0, 0, 0, 0, 0, 0, 0, 0]",0
548,339,45058,r,"[0, 0, 0, 0, 0, 0, 0, 0]",0
549,339,45074,r,"[0, 0, 0, 0, 0, 0, 0, 0]",0
550,339,45091,r,"[0, 0, 0, 0, 0, 0, 0, 0]",0
551,339,45108,r,"[0, 0, 0, 0, 0, 0, 0, 0]",0
552,339,45124,r,"[0, 0, 0, 0, 0, 0, 0, 0]",0
552,339,45141,r,"[0, 0, 0, 0, 0, 0, 0, 0]",0
553,339,45158,r,"[0, 0, 0, 0, 0, 0, 0, 0]",0
554,339,45174,r,"[0, 0, 0, 0, 0, 0, 0, 0]",0
555,339,45191,r,"[0, 0, 0, 0, 0, 0, 0, 0]",0
556,339,45208,r,"[0, 0, 0, 0, 0, 0, 0, 0]",0
557,339,45224,r,"[0, 0, 0, 0, 0, 0, 0, 0]",0
557,339,45241,r,"[0, 0, 0, 0, 0, 0, 0, 0]",0
558,339,45258,r,"[0, 0, 0, 0, 0, 0, 0, 0]",0
559,339,45274,r,"[0, 0, 0, 0, 0, 0, 0, 0]",0
560,339,45291,r,"[0, 0, 0, 0, 0, 0, 0, 0]",0
561,339,45308,r,"[0, 0, 0, 0, 0, 0, 0, 0]",0
562,339,45324,r,"[0, 0, 0, 0, 0, 0, 0, 0]",0
562,339,45341,r,"[0, 0, 0, 0, 0, 0, 0, 0]",0
563,339,45358,r,"[0, 0, 0, 0, 0, 0, 0, 0]",0
564,339,45374,r,"[0, 0, 0, 0, 0, 0, 0, 0]",0
565,339,45391,r,"[0, 0, 0, 0, 0, 0, 0, 0]",0
566,339,45408,r,"[0, 0, 0, 0, 0, 0, 0, 0]",0
567,339,45424,r,"[0, 0, 0, 0, 0, 0, 0, 0]",0
567,339,45441,r,"[0, 0, 0, 0, 0, 0, 0, 0]",0
568,339,45458,r,"[0, 0, 0, 0, 0, 0, 0, 0]",0
569,339,45474,r,"[0, 0, 0, 0, 0, 0, 0, 0]",0
570,339,45491,r,"[0, 0, 0, 0, 0, 0, 0, 0]",0
571,339,45508,r,"[0, 0, 0, 0, 0, 0, 0, 0]",0
572,339,45524,r,"[0, 0, 0, 0, 0, 0, 0, 0]",0
573,339,45541,r,"[0, 0, 0, 0, 0, 0, 0, 0]",0
573,339,45558,r,"[0, 0, 0, 0, 0, 0, 0, 0]",0
574,339,45574,r,"[0, 0, 0, 0, 0, 0, 0, 0]",0
575,339,45591,r,"[0, 0, 0, 0, 0, 0, 0, 0]",0
576,339,45608,r,"[0, 0, 0, 0, 0, 0, 0, 0]",0
577,339,45624,r,"[0, 0, 0, 0, 0, 0, 0, 0]",0
578,339,45641,r,"[0, 0, 0, 0, 0, 0, 0, 0]",0
578,339,45658,r,"[0, 0, 0, 0, 0, 0, 0, 0]",0
579,339,45674,r,"[0, 0, 0, 0, 0, 0, 0, 0]",0
580,339,45691,r,"[0, 0, 0, 0, 0, 0, 0, 0]",0
581,339,45708,r,"[0, 0, 0, 0, 0, 0, 0, 0]",0
582,339,45724,r,"[0, 0, 0, 0, 0, 0, 0, 0]",0
583,339,45741,r,"[0, 0, 0, 0, 0, 0, 0, 0]",0
583,339,45758,r,"[0, 0, 0, 0, 0, 0, 0, 0]",0
584,339,45774,r,"[0, 0, 0, 0, 0, 0, 0, 0]",0
585,339,45791,r,"[0, 0, 0, 0, 0, 0, 0, 0]",0
586,339,45808,r,"[0, 0, 0, 0, 0, 0, 0, 0]",0
587,339,45824,r,"[0, 0, 0, 0, 0, 0, 0, 0]",0
588,339,45841,r,"[0, 0, 0, 0, 0, 0, 0, 0]",0
588,339,45858,r,"[0, 0, 0, 0, 0, 0, 0, 0]",0
589,339,45874,r,"[0, 0, 0, 0, 0, 0, 0, 0]",0
590,339,45891,r,"[0, 0, 0, 0, 0, 0, 0, 0]",0
591,339,45908,r,"[0, 0, 0, 0, 0, 0, 0, 0]",0
592,339,45924,r,"[0, 0, 0, 0, 0, 0, 0, 0]",0
593,339,45941,r,"[0, 0, 0, 0, 0, 0, 0, 0]",0
593,339,45958,r,"[0, 0, 0, 0, 0, 0, 0, 0]",0
594,339,45974,r,"[0, 0, 0, 0, 0, 0, 0, 0]",0
595,339,45991,r,"[0, 0, 0, 0, 0, 0, 0, 0]",0
596,339,46008,r,"[0, 0, 0, 0, 0, 0, 0, 0]",0
597,339,46024,r,"[0, 0, 0, 0, 0, 0, 0, 0]",0
598,339,46041,r,"[0, 0, 0, 0, 0, 0, 0, 0]",0
598,339,46058,r,"[0, 0, 0, 0, 0, 0, 0, 0]",0
599,339,46074,r,"[0, 0, 0, 0, 0, 0, 0, 0]",0
600,339,46091,ur,"[0, 0, 0, 0, 0, 0, 0, 0]",0
601,339,46108,u,"[0, 0, 0, 0, 0, 0, 0, 0]",0
601,339,46124,u,"[0, 0, 0, 0, 0, 0, 0, 0]",0
601,338,46141,u,"[0, 0, 0, 0, 0, 0, 0, 0]",0
601,337,46158,u,"[0, 0, 0, 0, 0, 0, 0, 0]",0
601,336,46174,u,"[0, 0, 0, 0, 0, 0, 0, 0]",0
601,335,46191,u,"[0, 0, 0, 0, 0, 0, 0, 0]",0
601,334,46208,u,"[0, 0, 0, 0, 0, 0, 0, 0]",0
601,334,46224,u,"[0, 0, 0, 0, 0, 0, 0, 0]",0
601,333,46241,u,"[0, 0, 0, 0, 0, 0, 0, 0]",0
601,332,46258,u,"[0, 0, 0, 0, 0, 0, 0, 0]",0
601,331,46274,u,"[0, 0, 0, 0, 0, 0, 0, 0]",0
601,330,46291,u,"[0, 0, 0, 0, 0, 0, 0, 0]",0
601,329,46308,u,"[0, 0, 0, 0, 0, 0, 0, 0]",0
601,329,46324,u,"[0, 0, 0, 0, 0, 0, 0, 0]",0
601,328,46341,u,"[0, 0, 0, 0, 0, 0, 0, 0]",0
601,328,46358,u,"[0, 0, 0, 0, 0, 0, 0, 0]",0
601,328,46374,u,"[0, 0, 0, 0, 0, 0, 0, 0]",0
601,328,46391,u,"[0, 0, 0, 0, 0, 0, 0, 0]",0
601,328,46408,u,"[0, 0, 0, 0, 0, 0, 0, 0]",0
601,328,46424,u,"[0, 0, 0, 0, 0, 0, 0, 0]",0
601,328,46441,u,"[0, 0, 0, 0, 0, 0, 0, 0]",0
601,328,46458,u,"[0, 0, 0, 0, 0, 0, 0, 0]",0
601,328,46474,u,"[0, 0, 0, 0, 0, 0, 0, 0]",0
601,328,46491,u,"[0, 0, 0, 0, 0, 0, 0, 0]",0
601,328,46508,u,"[0, 0, 0, 0, 0, 0, 0, 0]",0
601,328,46524,u,"[0, 0, 0, 0, 0, 0, 0, 0]",0
601,328,46541,u,"[0, 0, 0, 0, 0, 0, 0, 0]",0
601,328,46558,u,"[0, 0, 0, 0, 0, 0, 0, 0]",0
601,328,46574,u,"[0, 0, 0, 0, 0, 0, 0, 0]",0
601,328,46591,u,"[0, 0, 0, 0, 0, 0, 0, 0]",0
601,328,46608,u,"[0, 0, 0, 0, 0, 0, 0, 0]",0
601,328,46624,u,"[0, 0, 0, 0, 0, 0, 0, 0]",0
601,328,46641,,"[0, 0, 0, 0, 0, 0, 0, 0]",0
601,328,46658,,"[0, 0, 0, 0, 0, 0, 0, 0]",0
601,328,46674,r,"[0, 0, 0, 0, 0, 0, 0, 0]",0
601,328,46691,r,"[0, 0, 0, 0, 0, 0, 0, 0]",0
602,328,46708,r,"[0, 0, 0, 0, 0, 0, 0, 0]",0
603,328,46724,r,"[0, 0, 0, 0, 0, 0, 0, 0]",0
603,328,46741,r,"[0, 0, 0, 0, 0, 0, 0, 0]",0
604,328,46758,r,"[0, 0, 0, 0, 0, 0, 0, 0]",0
605,328,46774,r,"[0, 0, 0, 0, 0, 0, 0, 0]",0
606,328,46791,r,"[0, 0, 0, 0, 0, 0, 0, 0]",0
607,328,46808,r,"[0, 0, 0, 0, 0, 0, 0, 0]",0
608,328,46824,r,"[0, 0, 0, 0, 0, 0, 0, 0]",0
608,328,46841,r,"[0, 0, 0, 0, 0, 0, 0, 0]",0
609,328,46858,r,"[0, 0, 0, 0, 0, 0, 0, 0]",0
610,328,46874,r,"[0, 0, 0, 0, 0, 0, 0, 0]",0
611,328,46891,r,"[0, 0, 0, 0, 0, 0, 0, 0]",0
612,328,46908,r,"[0, 0, 0, 0, 0, 0, 0, 0]",0
613,328,46924,r,"[0, 0, 0, 0, 0, 0, 0, 0]",0
613,328,46941,r,"[0, 0, 0, 0, 0, 0, 0, 0]",0
614,328,46958,r,"[0, 0, 0, 0, 0, 0, 0, 0]",0
615,328,46974,r,"[0, 0, 0, 0, 0, 0, 0, 0]",0
616,328,46991,r,"[0, 0, 0, 0, 0, 0, 0, 0]",0
617,328,47008,r,"[0, 0, 0, 0, 0, 0, 0, 0]",0
618,328,47024,r,"[0, 0, 0, 0, 0, 0, 0, 0]",0
618,328,47041,r,"[0, 0, 0, 0, 0, 0, 0, 0]",0
619,328,47058,r,"[0, 0, 0, 0, 0, 0, 0, 0]",0
620,328,47074,r,"[0, 0, 0, 0, 0, 0, 0, 0]",0
621,328,47091,r,"[0, 0, 0, 0, 0, 0, 0, 0]",0
622,328,47108,r,"[0, 0, 0, 0, 0, 0, 0, 0]",0
623,328,47124,r,"[0, 0, 0, 0, 0, 0, 0, 0]",0
623,328,47141,r,"[0, 0, 0, 0, 0, 0, 0, 0]",0
624,328,47158,r,"[0, 0, 0, 0, 0, 0, 0, 0]",0
625,328,47174,r,"[0, 0, 0, 0, 0, 0, 0, 0]",0
626,328,47191,r,"[0, 0, 0, 0, 0, 0, 0, 0]",0
627,328,47208,r,"[0, 0, 0, 0, 0, 0, 0, 0]",0
628,328,47224,r,"[0, 0, 0, 0, 0, 0, 0, 0]",0
628,328,47241,r,"[0, 0, 0, 0, 0, 0, 0, 0]",0
629,328,47258,r,"[0, 0, 0, 0, 0, 0, 0, 0]",0
630,328,47274,r,"[0, 0, 0, 0, 0, 0, 0, 0]",0
631,328,47291,r,"[0, 0, 0, 0, 0, 0, 0, 0]",0
632,328,47308,ur,"[0, 0, 0, 0, 0, 0, 0, 0]",0
632,328,47324,ur,"[0, 0, 0, 0, 0, 0, 0, 0]",0
632,327,47341,ur,"[0, 0, 0, 0, 0, 0, 0, 0]",0
632,326,47358,ur,"[0, 0, 0, 0, 0, 0, 0, 0]",0
632,326,47374,ur,"[0, 0, 0, 0, 0, 0, 0, 0]",0
632,325,47391,ur,"[0, 0, 0, 0, 0, 0, 0, 0]",0
632,324,47408,ur,"[0, 0, 0, 0, 0, 0, 0, 0]",0
632,323,47424,ur,"[0, 0, 0, 0, 0, 0, 0, 0]",0
632,322,47441,ur,"[0, 0, 0, 0, 0, 0, 0, 0]",0
632,321,47457,ur,"[0, 0, 0, 0, 0, 0, 0, 0]",0
632,321,47474,ur,"[0, 0, 0, 0, 0, 0, 0, 0]",0
632,320,47491,ur,"[0, 0, 0, 0, 0, 0, 0, 0]",0
632,319,47507,ur,"[0, 0, 0, 0, 0, 0, 0, 0]",0
632,318,47524,ur,"[0, 0, 0, 0, 0, 0, 0, 0]",0
632,317,47541,ur,"[0, 0, 0, 0, 0, 0, 0, 0]",0
632,316,47557,u,"[0, 0, 0, 0, 0, 0, 0, 0]",0
632,316,47574,u,"[0, 0, 0, 0, 0, 0, 0, 0]",0
632,315,47591,u,"[0, 0, 0, 0, 0, 0, 0, 0]",0
632,314,47607,u,"[0, 0, 0, 0, 0, 0, 0, 0]",0
632,313,47624,u,"[0, 0, 0, 0, 0, 0, 0, 0]",0
632,312,47641,u,"[0, 0, 0, 0, 0, 0, 0, 0]",0
632,311,47657,u,"[0, 0, 0, 0, 0, 0, 0, 0]",0
632,311,47674,u,"[0, 0, 0, 0, 0, 0, 0, 0]",0
632,310,47691,u,"[0, 0, 0, 0, 0, 0, 0, 0]",0
632,309,47707,u,"[0, 0, 0, 0, 0, 0, 0, 0]",0
632,308,47724,u,"[0, 0, 0, 0, 0, 0, 0, 0]",0
632,307,47741,u,"[0, 0, 0, 0, 0, 0, 0, 0]",0
632,306,47757,u,"[0, 0, 0, 0, 0, 0, 0, 0]",0
632,306,47774,u,"[0, 0, 0, 0, 0, 0, 0, 0]",0
632,305,47791,u,"[0, 0, 0, 0, 0, 0, 0, 0]",0
632,304,47807,u,"[0, 0, 0, 0, 0, 0, 0, 0]",0
632,303,47824,u,"[0, 0, 0, 0, 0, 0, 0, 0]",0
632,302,47841,u,"[0, 0, 0, 0, 0, 0, 0, 0]",0
632,301,47857,u,"[0, 0, 0, 0, 0, 0, 0, 0]",0
632,301,47874,u,"[0, 0, 0, 0, 0, 0, 0, 0]",0
632,300,47891,u,"[0, 0, 0, 0, 0, 0, 0, 0]",0
632,299,47907,u,"[0, 0, 0, 0, 0, 0, 0, 0]",0
632,298,47924,u,"[0, 0, 0, 0, 0, 0, 0, 0]",0
632,297,47941,u,"[0, 0, 0, 0, 0, 0, 0, 0]",0
632,296,47957,u,"[0, 0, 0, 0, 0, 0, 0, 0]",0
632,296,47974,u,"[0, 0, 0, 0, 0, 0, 0, 0]",0
632,295,47991,u,"[0, 0, 0, 0, 0, 0, 0, 0]",0
632,294,48007,u,"[0, 0, 0, 0, 0, 0, 0, 0]",0
632,293,48024,u,"[0, 0, 0, 0, 0, 0, 0, 0]",0
632,292,48041,u,"[0, 0, 0, 0, 0, 0, 0, 0]",0
632,291,48057,u,"[0, 0, 0, 0, 0, 0, 0, 0]",0
632,291,48091,u,"[0, 0, 0, 0, 0, 0, 0, 0]",0
632,290,48107,u,"[0, 0, 0, 0, 0, 0, 0, 0]",0
632,289,48124,u,"[0, 0, 0, 0, 0, 0, 0, 0]",0
632,288,48141,u,"[0, 0, 0, 0, 0, 0, 0, 0]",0
632,287,48157,u,"[0, 0, 0, 0, 0, 0, 0, 0]",0
632,286,48174,u,"[0, 0, 0, 0, 0, 0, 0, 0]",0
632,286,48191,u,"[0, 0, 0, 0, 0, 0, 0, 0]",0
632,285,48207,u,"[0, 0, 0, 0, 0, 0, 0, 0]",0
632,284,48224,u,"[0, 0, 0, 0, 0, 0, 0, 0]",0
632,283,48241,u,"[0, 0, 0, 0, 0, 0, 0, 0]",0
632,282,48257,u,"[0, 0, 0, 0, 0, 0, 0, 0]",0
632,281,48274,u,"[0, 0, 0, 0, 0, 0, 0, 0]",0
632,281,48291,u,"[0, 0, 0, 0, 0, 0, 0, 0]",0
632,280,48307,u,"[0, 0, 0, 0, 0, 0, 0, 0]",0
632,279,48324,u,"[0, 0, 0, 0, 0, 0, 0, 0]",0
632,278,48341,u,"[0, 0, 0, 0, 0, 0, 0, 0]",0
632,277,48357,u,"[0, 0, 0, 0, 0, 0, 0, 0]",0
632,276,48374,u,"[0, 0, 0, 0, 0, 0, 0, 0]",0
632,276,48391,u,"[0, 0, 0, 0, 0, 0, 0, 0]",0
632,275,48407,u,"[0, 0, 0, 0, 0, 0, 0, 0]",0
632,274,48424,u,"[0, 0, 0, 0, 0, 0, 0, 0]",0
632,273,48441,u,"[0, 0, 0, 0, 0, 0, 0, 0]",0
632,272,48457,u,"[0, 0, 0, 0, 0, 0, 0, 0]",0
632,271,48474,u,"[0, 0, 0, 0, 0, 0, 0, 0]",0
632,271,48491,u,"[0, 0, 0, 0, 0, 0, 0, 0]",0
632,270,48507,u,"[0, 0, 0, 0, 0, 0, 0, 0]",0
632,269,48524,u,"[0, 0, 0, 0, 0, 0, 0, 0]",0
632,268,48541,u,"[0, 0, 0, 0, 0, 0, 0, 0]",0
632,267,48557,u,"[0, 0, 0, 0, 0, 0, 0, 0]",0
632,266,48574,u,"[0, 0, 0, 0, 0, 0, 0, 0]",0
632,266,48591,u,"[0, 0, 0, 0, 0, 0, 0, 0]",0
632,265,48607,u,"[0, 0, 0, 0, 0, 0, 0, 0]",0
632,264,48624,u,"[0, 0, 0, 0, 0, 0, 0, 0]",0
632,263,48641,u,"[0, 0, 0, 0, 0, 0, 0, 0]",0
632,262,48657,u,"[0, 0, 0, 0, 0, 0, 0, 0]",0
632,261,48674,u,"[0, 0, 0, 0, 0, 0, 0, 0]",0
632,261,48691,u,"[0, 0, 0, 0, 0, 0, 0, 0]",0
632,260,48707,u,"[0, 0, 0, 0, 0, 0, 0, 0]",0
632,259,48724,u,"[0, 0, 0, 0, 0, 0, 0, 0]",0
632,258,48741,u,"[0, 0, 0, 0, 0, 0, 0, 0]",0
632,257,48757,u,"[0, 0, 0, 0, 0, 0, 0, 0]",0
632,256,48774,u,"[0, 0, 0, 0, 0, 0, 0, 0]",0
632,256,48791,u,"[0, 0, 0, 0, 0, 0, 0, 0]",0
632,255,48807,u,"[0, 0, 0, 0, 0, 0, 0, 0]",0
632,254,48824,u,"[0, 0, 0, 0, 0, 0, 0, 0]",0
632,253,48841,u,"[0, 0, 0, 0, 0, 0, 0, 0]",0
632,252,48857,u,"[0, 0, 0, 0, 0, 0, 0, 0]",0
632,251,48874,u,"[0, 0, 0, 0, 0, 0, 0, 0]",0
632,251,48891,ul,"[0, 0, 0, 0, 0, 0, 0, 0]",0
632,250,48907,ul,"[0, 0, 0, 0, 0, 0, 0, 0]",0
632,249,48924,l,"[0, 0, 0, 0, 0, 0, 0, 0]",0
632,248,48941,l,"[0, 0, 0, 0, 0, 0, 0, 0]",0
631,248,48957,l,"[0, 0, 0, 0, 0, 0, 0, 0]",0
630,248,48974,l,"[0, 0, 0, 0, 0, 0, 0, 0]",0
629,248,48991,l,"[0, 0, 0, 0, 0, 0, 0, 0]",0
629,248,49007,l,"[0, 0, 0, 0, 0, 0, 0, 0]",0
628,248,49024,l,"[0, 0, 0, 0, 0, 0, 0, 0]",0
627,248,49041,l,"[0, 0, 0, 0, 0, 0, 0, 0]",0
626,248,49057,l,"[0, 0, 0, 0, 0, 0, 0, 0]",0
625,248,49074,l,"[0, 0, 0, 0, 0, 0, 0, 0]",0
624,248,49091,l,"[0, 0, 0, 0, 0, 0, 0, 0]",0
624,248,49107,l,"[0, 0, 0, 0, 0, 0, 0, 0]",0
623,248,49124,l,"[0, 0, 0, 0, 0, 0, 0, 0]",0
622,248,49141,l,"[0, 0, 0, 0, 0, 0, 0, 0]",0
621,248,49157,l,"[0, 0, 0, 0, 0, 0, 0, 0]",0
620,248,49174,l,"[0, 0, 0, 0, 0, 0, 0, 0]",0
619,248,49191,l,"[0, 0, 0, 0, 0, 0, 0, 0]",0
619,248,49207,l,"[0, 0, 0, 0, 0, 0, 0, 0]",0
618,248,49224,l,"[0, 0, 0, 0, 0, 0, 0, 0]",0
617,248,49241,l,"[0, 0, 0, 0, 0, 0, 0, 0]",0
616,248,49257,l,"[0, 0, 0, 0, 0, 0, 0, 0]",0
616,248,49274,l,"[0, 0, 0, 0, 0, 0, 0, 0]",0
616,248,49291,l,"[0, 0, 0, 0, 0, 0, 0, 0]",0
616,248,49307,l,"[0, 0, 0, 0, 0, 0, 0, 0]",0
616,248,49324,l,"[0, 0, 0, 0, 0, 0, 0, 0]",0
616,248,49341,l,"[0, 0, 0, 0, 0, 0, 0, 0]",0
616,248,49357,l,"[0, 0, 0, 0, 0, 0, 0, 0]",0
616,248,49374,l,"[0, 0, 0, 0, 0, 0, 0, 0]",0
616,248,49391,l,"[0, 0, 0, 0, 0, 0, 0, 0]",0
616,248,49407,l,"[0, 0, 0, 0, 0, 0, 0, 0]",0
616,248,49424,l,"[0, 0, 0, 0, 0, 0, 0, 0]",0
616,248,49441,l,"[0, 0, 0, 0, 0, 0, 0, 0]",0
616,248,49457,l,"[0, 0, 0, 0, 0, 0, 0, 0]",0
616,248,49474,l,"[0, 0, 0, 0, 0, 0, 0, 0]",0
616,248,49491,l,"[0, 0, 0, 0, 0, 0, 0, 0]",0
616,248,49507,l,"[0, 0, 0, 0, 0, 0, 0, 0]",0
616,248,49524,l,"[0, 0, 0, 0, 0, 0, 0, 0]",0
616,248,49541,l,"[0, 0, 0, 0, 0, 0, 0, 0]",0
616,248,49557,l,"[0, 0, 0, 0, 0, 0, 0, 0]",0
616,248,49574,l,"[0, 0, 0, 0, 0, 0, 0, 0]",0
616,248,49591,l,"[0, 0, 0, 0, 0, 0, 0, 0]",0
616,248,49607,l,"[0, 0, 0, 0, 0, 0, 0, 0]",0
616,248,49624,l,"[0, 0, 0, 0, 0, 0, 0, 0]",0
616,248,49641,l,"[0, 0, 0, 0, 0, 0, 0, 0]",0
616,248,49657,l,"[0, 0, 0, 0, 0, 0, 0, 0]",0
616,248,49674,l,"[0, 0, 0, 0, 0, 0, 0, 0]",0
616,248,49691,l,"[0, 0, 0, 0, 0, 0, 0, 0]",0
616,248,49707,l,"[0, 0, 0, 0, 0, 0, 0, 0]",0
616,248,49724,l,"[0, 0, 0, 0, 0, 0, 0, 0]",0
616,248,49741,l,"[0, 0, 0, 0, 0, 0, 0, 0]",0
616,248,49757,l,"[0, 0, 0, 0, 0, 0, 0, 0]",0
616,248,49774,l,"[0, 0, 0, 0, 0, 0, 0, 0]",0
616,248,49791,,"[0, 0, 0, 0, 0, 0, 0, 0]",0
616,248,49807,d,"[0, 0, 0, 0, 0, 0, 0, 0]",0
616,248,49824,d,"[0, 0, 0, 0, 0, 0, 0, 0]",0
616,249,49841,d,"[0, 0, 0, 0, 0, 0, 0, 0]",0
616,250,49857,dl,"[0, 0, 0, 0, 0, 0, 0, 0]",0
616,251,49874,dl,"[0, 0, 0, 0, 0, 0, 0, 0]",0
616,251,49891,d,"[0, 0, 0, 0, 0, 0, 0, 0]",0
616,252,49907,d,"[0, 0, 0, 0, 0, 0, 0, 0]",0
616,253,49924,d,"[0, 0, 0, 0, 0, 0, 0, 0]",0
616,254,49941,d,"[0, 0, 0, 0, 0, 0, 0, 0]",0
616,255,49957,d,"[0, 0, 0, 0, 0, 0, 0, 0]",0
616,256,49974,d,"[0, 0, 0, 0, 0, 0, 0, 0]",0
616,256,49991,d,"[0, 0, 0, 0, 0, 0, 0, 0]",0
616,257,50007,d,"[0, 0, 0, 0, 0, 0, 0, 0]",0
616,258,50024,d,"[0, 0, 0, 0, 0, 0, 0, 0]",0
616,259,50041,d,"[0, 0, 0, 0, 0, 0, 0, 0]",0
616,260,50057,d,"[0, 0, 0, 0, 0, 0, 0, 0]",0
616,261,50074,d,"[0, 0, 0, 0, 0, 0, 0, 0]",0
616,261,50091,d,"[0, 0, 0, 0, 0, 0, 0, 0]",0
616,262,50107,d,"[0, 0, 0, 0, 0, 0, 0, 0]",0
616,263,50124,d,"[0, 0, 0, 0, 0, 0, 0, 0]",0
616,264,50141,dl,"[0, 0, 0, 0, 0, 0, 0, 0]",0
616,265,50157,l,"[0, 0, 0, 0, 0, 0, 0, 0]",0
616,266,50174,l,"[0, 0, 0, 0, 0, 0, 0, 0]",0
616,266,50191,l,"[0, 0, 0, 0, 0, 0, 0, 0]",0
616,266,50207,l,"[0, 0, 0, 0, 0, 0, 0, 0]",0
616,266,50224,l,"[0, 0, 0, 0, 0, 0, 0, 0]",0
616,266,50241,l,"[0, 0, 0, 0, 0, 0, 0, 0]",0
616,266,50257,l,"[0, 0, 0, 0, 0, 0, 0, 0]",0
616,266,50274,l,"[0, 0, 0, 0, 0, 0, 0, 0]",0
616,266,50291,l,"[0, 0, 0, 0, 0, 0, 0, 0]",0
616,266,50307,l,"[0, 0, 0, 0, 0, 0, 0, 0]",0
616,266,50324,l,"[0, 0, 0, 0, 0, 0, 0, 0]",0
616,266,50341,l,"[0, 0, 0, 0, 0, 0, 0, 0]",0
616,266,50357,l,"[0, 0, 0, 0, 0, 0, 0, 0]",0
616,266,50374,l,"[0, 0, 0, 0, 0, 0, 0, 0]",0
616,266,50391,l,"[0, 0, 0, 0, 0, 0, 0, 0]",0
616,266,50407,l,"[0, 0, 0, 0, 0, 0, 0, 0]",0
616,266,50424,l,"[0, 0, 0, 0, 0, 0, 0, 0]",0
616,266,50441,l,"[0, 0, 0, 0, 0, 0, 0, 0]",0
616,266,50457,l,"[0, 0, 0, 0, 0, 0, 0, 0]",0
616,266,50474,l,"[0, 0, 0, 0, 0, 0, 0, 0]",0
616,266,50491,l,"[0, 0, 0, 0, 0, 0, 0, 0]",0
616,266,50507,l,"[0, 0, 0, 0, 0, 0, 0, 0]",0
616,266,50524,l,"[0, 0, 0, 0, 0, 0, 0, 0]",0
616,266,50541,l,"[0, 0, 0, 0, 0, 0, 0, 0]",0
616,266,50557,l,"[0, 0, 0, 0, 0, 0, 0, 0]",0
616,266,50574,l,"[0, 0, 0, 0, 0, 0, 0, 0]",0
616,266,50591,l,"[0, 0, 0, 0, 0, 0, 0, 0]",0
616,266,50607,l,"[0, 0, 0, 0, 0, 0, 0, 0]",0
616,266,50624,l,"[0, 0, 0, 0, 0, 0, 0, 0]",0
616,266,50641,ul,"[0, 0, 0, 0, 0, 0, 0, 0]",0
616,266,50657,ul,"[0, 0, 0, 0, 0, 0, 0, 0]",0
616,265,50674,u,"[0, 0, 0, 0, 0, 0, 0, 0]",0
616,264,50691,u,"[0, 0, 0, 0, 0, 0, 0, 0]",0
616,263,50707,u,"[0, 0, 0, 0, 0, 0, 0, 0]",0
616,262,50724,u,"[0, 0, 0, 0, 0, 0, 0, 0]",0
616,261,50741,u,"[0, 0, 0, 0, 0, 0, 0, 0]",0
616,261,50757,u,"[0, 0, 0, 0, 0, 0, 0, 0]",0
616,260,50774,u,"[0, 0, 0, 0, 0, 0, 0, 0]",0
616,259,50791,u,"[0, 0, 0, 0, 0, 0, 0, 0]",0
616,258,50807,u,"[0, 0, 0, 0, 0, 0, 0, 0]",0
616,257,50824,u,"[0, 0, 0, 0, 0, 0, 0, 0]",0
616,256,50841,u,"[0, 0, 0, 0, 0, 0, 0, 0]",0
616,256,50857,u,"[0, 0, 0, 0, 0, 0, 0, 0]",0
616,255,50874,u,"[0, 0, 0, 0, 0, 0, 0, 0]",0
616,254,50891,u,"[0, 0, 0, 0, 0, 0, 0, 0]",0
616,253,50907,u,"[0, 0, 0, 0, 0, 0, 0, 0]",0
616,252,50924,u,"[0, 0, 0, 0, 0, 0, 0, 0]",0
616,251,50941,u,"[0, 0, 0, 0, 0, 0, 0, 0]",0
616,251,50957,u,"[0, 0, 0, 0, 0, 0, 0, 0]",0
616,250,50974,u,"[0, 0, 0, 0, 0, 0, 0, 0]",0
616,249,50991,u,"[0, 0, 0, 0, 0, 0, 0, 0]",0
616,248,51007,u,"[0, 0, 0, 0, 0, 0, 0, 0]",0
616,247,51024,u,"[0, 0, 0, 0, 0, 0, 0, 0]",0
616,246,51041,u,"[0, 0, 0, 0, 0, 0, 0, 0]",0
616,246,51057,u,"[0, 0, 0, 0, 0, 0, 0, 0]",0
616,245,51074,u,"[0, 0, 0, 0, 0, 0, 0, 0]",0
616,244,51091,u,"[0, 0, 0, 0, 0, 0, 0, 0]",0
616,243,51107,u,"[0, 0, 0, 0, 0, 0, 0, 0]",0
616,242,51124,u,"[0, 0, 0, 0, 0, 0, 0, 0]",0
616,241,51141,u,"[0, 0, 0, 0, 0, 0, 0, 0]",0
616,241,51157,u,"[0, 0, 0, 0, 0, 0, 0, 0]",0
616,240,51174,u,"[0, 0, 0, 0, 0, 0, 0, 0]",0
616,239,51191,u,"[0, 0, 0, 0, 0, 0, 0, 0]",0
616,238,51207,u,"[0, 0, 0, 0, 0, 0, 0, 0]",0
616,237,51224,u,"[0, 0, 0, 0, 0, 0, 0, 0]",0
616,236,51241,u,"[0, 0, 0, 0, 0, 0, 0, 0]",0
616,236,51257,u,"[0, 0, 0, 0, 0, 0, 0, 0]",0
616,235,51274,u,"[0, 0, 0, 0, 0, 0, 0, 0]",0
616,234,51291,u,"[0, 0, 0, 0, 0, 0, 0, 0]",0
616,233,51307,u,"[0, 0, 0, 0, 0, 0, 0, 0]",0
616,232,51324,u,"[0, 0, 0, 0, 0, 0, 0, 0]",0
616,231,51341,u,"[0, 0, 0, 0, 0, 0, 0, 0]",0
616,231,51357,u,"[0, 0, 0, 0, 0, 0, 0, 0]",0
616,230,51374,u,"[0, 0, 0, 0, 0, 0, 0, 0]",0
616,229,51391,u,"[0, 0, 0, 0, 0, 0, 0, 0]",0
616,228,51407,u,"[0, 0, 0, 0, 0, 0, 0, 0]",0
616,227,51424,u,"[0, 0, 0, 0, 0, 0, 0, 0]",0
616,226,51441,u,"[0, 0, 0, 0, 0, 0, 0, 0]",0
616,226,51457,u,"[0, 0, 0, 0, 0, 0, 0, 0]",0
616,225,51474,u,"[0, 0, 0, 0, 0, 0, 0, 0]",0
616,224,51491,u,"[0, 0, 0, 0, 0, 0, 0, 0]",0
616,223,51507,u,"[0, 0, 0, 0, 0, 0, 0, 0]",0
616,222,51524,u,"[0, 0, 0, 0, 0, 0, 0, 0]",0
616,221,51541,u,"[0, 0, 0, 0, 0, 0, 0, 0]",0
616,221,51557,u,"[0, 0, 0, 0, 0, 0, 0, 0]",0
616,220,51574,u,"[0, 0, 0, 0, 0, 0, 0, 0]",0
616,219,51591,u,"[0, 0, 0, 0, 0, 0, 0, 0]",0
616,218,51607,u,"[0, 0, 0, 0, 0, 0, 0, 0]",0
616,217,51624,u,"[0, 0, 0, 0, 0, 0, 0, 0]",0
616,216,51641,u,"[0, 0, 0, 0, 0, 0, 0, 0]",0
616,216,51657,u,"[0, 0, 0, 0, 0, 0, 0, 0]",0
616,215,51674,u,"[0, 0, 0, 0, 0, 0, 0, 0]",0
616,214,51691,u,"[0, 0, 0, 0, 0, 0, 0, 0]",0
616,213,51707,u,"[0, 0, 0, 0, 0, 0, 0, 0]",0
616,212,51724,u,"[0, 0, 0, 0, 0, 0, 0, 0]",0
616,211,51741,u,"[0, 0, 0, 0, 0, 0, 0, 0]",0
616,211,51757,u,"[0, 0, 0, 0, 0, 0, 0, 0]",0
616,210,51774,u,"[0, 0, 0, 0, 0, 0, 0, 0]",0
616,209,51791,u,"[0, 0, 0, 0, 0, 0, 0, 0]",0
616,208,51807,u,"[0, 0, 0, 0, 0, 0, 0, 0]",0
616,207,51824,u,"[0, 0, 0, 0, 0, 0, 0, 0]",0
616,206,51841,u,"[0, 0, 0, 0, 0, 0, 0, 0]",0
616,206,51857,u,"[0, 0, 0, 0, 0, 0, 0, 0]",0
616,205,51874,u,"[0, 0, 0, 0, 0, 0, 0, 0]",0
616,204,51891,u,"[0, 0, 0, 0, 0, 0, 0, 0]",0
616,203,51907,u,"[0, 0, 0, 0, 0, 0, 0, 0]",0
616,202,51924,u,"[0, 0, 0, 0, 0, 0, 0, 0]",0
616,201,51941,u,"[0, 0, 0, 0, 0, 0, 0, 0]",0
616,201,51957,u,"[0, 0, 0, 0, 0, 0, 0, 0]",0
616,200,51974,u,"[0, 0, 0, 0, 0, 0, 0, 0]",0
616,199,51991,u,"[0, 0, 0, 0, 0, 0, 0, 0]",0
616,198,52007,u,"[0, 0, 0, 0, 0, 0, 0, 0]",0
616,197,52024,u,"[0, 0, 0, 0, 0, 0, 0, 0]",0
616,196,52041,u,"[0, 0, 0, 0, 0, 0, 0, 0]",0
616,196,52057,u,"[0, 0, 0, 0, 0, 0, 0, 0]",0
616,195,52074,u,"[0, 0, 0, 0, 0, 0, 0, 0]",0
616,194,52091,u,"[0, 0, 0, 0, 0, 0, 0, 0]",0
616,193,52107,u,"[0, 0, 0, 0, 0, 0, 0, 0]",0
616,192,52124,u,"[0, 0, 0, 0, 0, 0, 0, 0]",0
616,191,52141,u,"[0, 0, 0, 0, 0, 0, 0, 0]",0
616,191,52157,u,"[0, 0, 0, 0, 0, 0, 0, 0]",0
616,190,52174,u,"[0, 0, 0, 0, 0, 0, 0, 0]",0
616,189,52191,u,"[0, 0, 0, 0, 0, 0, 0, 0]",0
616,188,52207,u,"[0, 0, 0, 0, 0, 0, 0, 0]",0
616,187,52224,u,"[0, 0, 0, 0, 0, 0, 0, 0]",0
616,186,52241,u,"[0, 0, 0, 0, 0, 0, 0, 0]",0
616,186,52257,u,"[0, 0, 0, 0, 0, 0, 0, 0]",0
616,185,52274,u,"[0, 0, 0, 0, 0, 0, 0, 0]",0
616,184,52307,u,"[0, 0, 0, 0, 0, 0, 0, 0]",0
616,183,52324,u,"[0, 0, 0, 0, 0, 0, 0, 0]",0
616,182,52341,u,"[0, 0, 0, 0, 0, 0, 0, 0]",0
616,181,52357,u,"[0, 0, 0, 0, 0, 0, 0, 0]",0
616,181,52374,u,"[0, 0, 0, 0, 0, 0, 0, 0]",0
616,180,52391,u,"[0, 0, 0, 0, 0, 0, 0, 0]",0
616,179,52407,u,"[0, 0, 0, 0, 0, 0, 0, 0]",0
616,178,52424,u,"[0, 0, 0, 0, 0, 0, 0, 0]",0
616,177,52441,u,"[0, 0, 0, 0, 0, 0, 0, 0]",0
616,176,52457,u,"[0, 0, 0, 0, 0, 0, 0, 0]",0
616,176,52474,u,"[0, 0, 0, 0, 0, 0, 0, 0]",0
616,175,52491,u,"[0, 0, 0, 0, 0, 0, 0, 0]",0
616,174,52507,u,"[0, 0, 0, 0, 0, 0, 0, 0]",0
616,173,52524,u,"[0, 0, 0, 0, 0, 0, 0, 0]",0
616,172,52541,u,"[0, 0, 0, 0, 0, 0, 0, 0]",0
616,171,52557,u,"[0, 0, 0, 0, 0, 0, 0, 0]",0
616,171,52574,u,"[0, 0, 0, 0, 0, 0, 0, 0]",0
616,170,52591,u,"[0, 0, 0, 0, 0, 0, 0, 0]",0
616,169,52607,u,"[0, 0, 0, 0, 0, 0, 0, 0]",0
616,168,52624,u,"[0, 0, 0, 0, 0, 0, 0, 0]",0
616,167,52641,u,"[0, 0, 0, 0, 0, 0, 0, 0]",0
616,166,52657,u,"[0, 0, 0, 0, 0, 0, 0, 0]",0
616,166,52674,u,"[0, 0, 0, 0, 0, 0, 0, 0]",0
616,165,52691,u,"[0, 0, 0, 0, 0, 0, 0, 0]",0
616,164,52707,u,"[0, 0, 0, 0, 0, 0, 0, 0]",0
616,163,52724,u,"[0, 0, 0, 0, 0, 0, 0, 0]",0
616,162,52741,u,"[0, 0, 0, 0, 0, 0, 0, 0]",0
616,161,52757,u,"[0, 0, 0, 0, 0, 0, 0, 0]",0
616,160,52774,u,"[0, 0, 0, 0, 0, 0, 0, 0]",0
616,160,52791,u,"[0, 0, 0, 0, 0, 0, 0, 0]",0
616,159,52807,u,"[0, 0, 0, 0, 0, 0, 0, 0]",0
616,158,52824,u,"[0, 0, 0, 0, 0, 0, 0, 0]",0
616,157,52841,u,"[0, 0, 0, 0, 0, 0, 0, 0]",0
616,156,52857,u,"[0, 0, 0, 0, 0, 0, 0, 0]",0
616,155,52874,u,"[0, 0, 0, 0, 0, 0, 0, 0]",0
616,155,52891,u,"[0, 0, 0, 0, 0, 0, 0, 0]",0
616,154,52907,u,"[0, 0, 0, 0, 0, 0, 0, 0]",0
616,153,52924,u,"[0, 0, 0, 0, 0, 0, 0, 0]",0
616,152,52941,u,"[0, 0, 0, 0, 0, 0, 0, 0]",0
616,151,52957,u,"[0, 0, 0, 0, 0, 0, 0, 0]",0
616,150,52974,u,"[0, 0, 0, 0, 0, 0, 0, 0]",0
616,150,52991,u,"[0, 0, 0, 0, 0, 0, 0, 0]",0
616,149,53007,u,"[0, 0, 0, 0, 0, 0, 0, 0]",0
616,148,53024,u,"[0, 0, 0, 0, 0, 0, 0, 0]",0
616,147,53041,u,"[0, 0, 0, 0, 0, 0, 0, 0]",0
616,146,53057,u,"[0, 0, 0, 0, 0, 0, 0, 0]",0
616,145,53074,u,"[0, 0, 0, 0, 0, 0, 0, 0]",0
616,145,53091,u,"[0, 0, 0, 0, 0, 0, 0, 0]",0
616,144,53107,u,"[0, 0, 0, 0, 0, 0, 0, 0]",0
616,143,53124,u,"[0, 0, 0, 0, 0, 0, 0, 0]",0
616,142,53141,u,"[0, 0, 0, 0, 0, 0, 0, 0]",0
616,141,53157,u,"[0, 0, 0, 0, 0, 0, 0, 0]",0
616,140,53174,u,"[0, 0, 0, 0, 0, 0, 0, 0]",0
616,140,53191,u,"[0, 0, 0, 0, 0, 0, 0, 0]",0
616,139,53207,u,"[0, 0, 0, 0, 0, 0, 0, 0]",0
616,138,53224,u,"[0, 0, 0, 0, 0, 0, 0, 0]",0
616,137,53241,u,"[0, 0, 0, 0, 0, 0, 0, 0]",0
616,136,53257,u,"[0, 0, 0, 0, 0, 0, 0, 0]",0
616,135,53274,u,"[0, 0, 0, 0, 0, 0, 0, 0]",0
616,135,53291,u,"[0, 0, 0, 0, 0, 0, 0, 0]",0
616,134,53307,u,"[0, 0, 0, 0, 0, 0, 0, 0]",0
616,133,53324,u,"[0, 0, 0, 0, 0, 0, 0, 0]",0
616,132,53341,u,"[0, 0, 0, 0, 0, 0, 0, 0]",0
616,131,53357,u,"[0, 0, 0, 0, 0, 0, 0, 0]",0
616,130,53374,u,"[0, 0, 0, 0, 0, 0, 0, 0]",0
616,130,53391,u,"[0, 0, 0, 0, 0, 0, 0, 0]",0
616,129,53407,u,"[0, 0, 0, 0, 0, 0, 0, 0]",0
616,128,53424,u,"[0, 0, 0, 0, 0, 0, 0, 0]",0
616,127,53441,u,"[0, 0, 0, 0, 0, 0, 0, 0]",0
616,126,53457,u,"[0, 0, 0, 0, 0, 0, 0, 0]",0
616,125,53474,u,"[0, 0, 0, 0, 0, 0, 0, 0]",0
616,125,53491,u,"[0, 0, 0, 0, 0, 0, 0, 0]",0
616,124,53507,u,"[0, 0, 0, 0, 0, 0, 0, 0]",0
616,123,53524,u,"[0, 0, 0, 0, 0, 0, 0, 0]",0
616,122,53541,u,"[0, 0, 0, 0, 0, 0, 0, 0]",0
616,121,53557,u,"[0, 0, 0, 0, 0, 0, 0, 0]",0
616,120,53574,u,"[0, 0, 0, 0, 0, 0, 0, 0]",0
616,120,53591,u,"[0, 0, 0, 0, 0, 0, 0, 0]",0
616,119,53607,u,"[0, 0, 0, 0, 0, 0, 0, 0]",0
616,118,53624,u,"[0, 0, 0, 0, 0, 0, 0, 0]",0
616,117,53641,u,"[0, 0, 0, 0, 0, 0, 0, 0]",0
616,116,53657,u,"[0, 0, 0, 0, 0, 0, 0, 0]",0
616,115,53674,u,"[0, 0, 0, 0, 0, 0, 0, 0]",0
616,115,53691,u,"[0, 0, 0, 0, 0, 0, 0, 0]",0
616,114,53707,u,"[0, 0, 0, 0, 0, 0, 0, 0]",0
616,113,53724,u,"[0, 0, 0, 0, 0, 0, 0, 0]",0
616,112,53741,u,"[0, 0, 0, 0, 0, 0, 0, 0]",0
616,111,53757,u,"[0, 0, 0, 0, 0, 0, 0, 0]",0
616,110,53774,u,"[0, 0, 0, 0, 0, 0, 0, 0]",0
616,110,53791,u,"[0, 0, 0, 0, 0, 0, 0, 0]",0
616,109,53807,u,"[0, 0, 0, 0, 0, 0, 0, 0]",0
616,108,53824,u,"[0, 0, 0, 0, 0, 0, 0, 0]",0
616,107,53841,u,"[0, 0, 0, 0, 0, 0, 0, 0]",0
616,106,53857,u,"[0, 0, 0, 0, 0, 0, 0, 0]",0
616,106,53874,u,"[0, 0, 0, 0, 0, 0, 0, 0]",0
616,105,53891,u,"[0, 0, 0, 0, 0, 0, 0, 0]",0
616,104,53907,u,"[0, 0, 0, 0, 0, 0, 0, 0]",0
616,103,53924,u,"[0, 0, 0, 0, 0, 0, 0, 0]",0
616,102,53941,u,"[0, 0, 0, 0, 0, 0, 0, 0]",0
616,101,53957,u,"[0, 0, 0, 0, 0, 0, 0, 0]",0
616,101,53974,u,"[0, 0, 0, 0, 0, 0, 0, 0]",0
616,100,53991,u,"[0, 0, 0, 0, 0, 0, 0, 0]",0
616,99,54007,u,"[0, 0, 0, 0, 0, 0, 0, 0]",0
616,98,54024,u,"[0, 0, 0, 0, 0, 0, 0, 0]",0
616,97,54041,u,"[0, 0, 0, 0, 0, 0, 0, 0]",0
616,96,54057,u,"[0, 0, 0, 0, 0, 0, 0, 0]",0
616,96,54074,u,"[0, 0, 0, 0, 0, 0, 0, 0]",0
616,95,54091,u,"[0, 0, 0, 0, 0, 0, 0, 0]",0
616,94,54107,u,"[0, 0, 0, 0, 0, 0, 0, 0]",0
616,93,54124,u,"[0, 0, 0, 0, 0, 0, 0, 0]",0
616,92,54141,u,"[0, 0, 0, 0, 0, 0, 0, 0]",0
616,91,54157,u,"[0, 0, 0, 0, 0, 0, 0, 0]",0
616,91,54174,u,"[0, 0, 0, 0, 0, 0, 0, 0]",0
616,90,54191,u,"[0, 0, 0, 0, 0, 0, 0, 0]",0
616,89,54207,u,"[0, 0, 0, 0, 0, 0, 0, 0]",0
616,88,54224,u,"[0, 0, 0, 0, 0, 0, 0, 0]",0
616,87,54241,u,"[0, 0, 0, 0, 0, 0, 0, 0]",0
616,86,54257,u,"[0, 0, 0, 0, 0, 0, 0, 0]",0
616,86,54274,u,"[0, 0, 0, 0, 0, 0, 0, 0]",0
616,85,54291,u,"[0, 0, 0, 0, 0, 0, 0, 0]",0
616,84,54307,u,"[0, 0, 0, 0, 0, 0, 0, 0]",0
616,83,54324,u,"[0, 0, 0, 0, 0, 0, 0, 0]",0
616,82,54341,u,"[0, 0, 0, 0, 0, 0, 0, 0]",0
616,81,54357,u,"[0, 0, 0, 0, 0, 0, 0, 0]",0
616,81,54374,u,"[0, 0, 0, 0, 0, 0, 0, 0]",0
616,80,54391,u,"[0, 0, 0, 0, 0, 0, 0, 0]",0
616,79,54407,u,"[0, 0, 0, 0, 0, 0, 0, 0]",0
616,78,54424,u,"[0, 0, 0, 0, 0, 0, 0, 0]",0
616,77,54441,u,"[0, 0, 0, 0, 0, 0, 0, 0]",0
616,76,54457,u,"[0, 0, 0, 0, 0, 0, 0, 0]",0
616,76,54474,u,"[0, 0, 0, 0, 0, 0, 0, 0]",0
616,75,54491,u,"[0, 0, 0, 0, 0, 0, 0, 0]",0
616,74,54507,u,"[0, 0, 0, 0, 0, 0, 0, 0]",0
616,73,54524,u,"[0, 0, 0, 0, 0, 0, 0, 0]",0
616,72,54541,u,"[0, 0, 0, 0, 0, 0, 0, 0]",0
616,71,54557,u,"[0, 0, 0, 0, 0, 0, 0, 0]",0
616,71,54574,u,"[0, 0, 0, 0, 0, 0, 0, 0]",0
616,70,54591,u,"[0, 0, 0, 0, 0, 0, 0, 0]",0
616,69,54607,u,"[0, 0, 0, 0, 0, 0, 0, 0]",0
616,68,54624,u,"[0, 0, 0, 0, 0, 0, 0, 0]",0
616,67,54641,u,"[0, 0, 0, 0, 0, 0, 0, 0]",0
616,66,54657,u,"[0, 0, 0, 0, 0, 0, 0, 0]",0
616,66,54674,ur,"[0, 0, 0, 0, 0, 0, 0, 0]",0
616,65,54691,ur,"[0, 0, 0, 0, 0, 0, 0, 0]",0
616,64,54707,ur,"[0, 0, 0, 0, 0, 0, 0, 0]",0
616,63,54724,ur,"[0, 0, 0, 0, 0, 0, 0, 0]",0
616,62,54741,ur,"[0, 0, 0, 0, 0, 0, 0, 0]",0
616,61,54757,u,"[0, 0, 0, 0, 0, 0, 0, 0]",0
616,61,54774,u,"[0, 0, 0, 0, 0, 0, 0, 0]",0
616,60,54791,u,"[0, 0, 0, 0, 0, 0, 0, 0]",0
616,59,54807,u,"[0, 0, 0, 0, 0, 0, 0, 0]",0
616,58,54824,u,"[0, 0, 0, 0, 0, 0, 0, 0]",0
616,57,54841,u,"[0, 0, 0, 0, 0, 0, 0, 0]",0
616,56,54857,u,"[0, 0, 0, 0, 0, 0, 0, 0]",0
616,56,54874,u,"[0, 0, 0, 0, 0, 0, 0, 0]",0
616,55,54891,u,"[0, 0, 0, 0, 0, 0, 0, 0]",0
616,54,54907,u,"[0, 0, 0, 0, 0, 0, 0, 0]",0
616,53,54924,u,"[0, 0, 0, 0, 0, 0, 0, 0]",0
616,52,54941,u,"[0, 0, 0, 0, 0, 0, 0, 0]",0
616,51,54957,u,"[0, 0, 0, 0, 0, 0, 0, 0]",0
616,51,54974,u,"[0, 0, 0, 0, 0, 0, 0, 0]",0
616,50,54991,u,"[0, 0, 0, 0, 0, 0, 0, 0]",0
616,49,55007,u,"[0, 0, 0, 0, 0, 0, 0, 0]",0
616,48,55024,u,"[0, 0, 0, 0, 0, 0, 0, 0]",0
616,47,55041,u,"[0, 0, 0, 0, 0, 0, 0, 0]",0
616,46,55057,u,"[0, 0, 0, 0, 0, 0, 0, 0]",0
616,46,55074,u,"[0, 0, 0, 0, 0, 0, 0, 0]",0
616,45,55091,u,"[0, 0, 0, 0, 0, 0, 0, 0]",0
616,44,55107,u,"[0, 0, 0, 0, 0, 0, 0, 0]",0
616,43,55124,u,"[0, 0, 0, 0, 0, 0, 0, 0]",0
616,42,55141,u,"[0, 0, 0, 0, 0, 0, 0, 0]",0
616,41,55157,u,"[0, 0, 0, 0, 0, 0, 0, 0]",0
616,41,55174,u,"[0, 0, 0, 0, 0, 0, 0, 0]",0
616,40,55191,u,"[0, 0, 0, 0, 0, 0, 0, 0]",0
616,40,55207,u,"[0, 0, 0, 0, 0, 0, 0, 0]",0
616,40,55224,u,"[0, 0, 0, 0, 0, 0, 0, 0]",0
616,40,55241,u,"[0, 0, 0, 0, 0, 0, 0, 0]",0
616,40,55257,u,"[0, 0, 0, 0, 0, 0, 0, 0]",0
616,40,55274,u,"[0, 0, 0, 0, 0, 0, 0, 0]",0
616,40,55291,u,"[0, 0, 0, 0, 0, 0, 0, 0]",0
616,40,55307,u,"[0, 0, 0, 0, 0, 0, 0, 0]",0
616,40,55324,u,"[0, 0, 0, 0, 0, 0, 0, 0]",0
616,40,55341,u,"[0, 0, 0, 0, 0, 0, 0, 0]",0
616,40,55357,u,"[0, 0, 0, 0, 0, 0, 0, 0]",0
616,40,55374,u,"[0, 0, 0, 0, 0, 0, 0, 0]",0
616,40,55391,u,"[0, 0, 0, 0, 0, 0, 0, 0]",0
616,40,55407,u,"[0, 0, 0, 0, 0, 0, 0, 0]",0
616,40,55424,u,"[0, 0, 0, 0, 0, 0, 0, 0]",0
616,40,55441,u,"[0, 0, 0, 0, 0, 0, 0, 0]",0
616,40,55457,u,"[0, 0, 0, 0, 0, 0, 0, 0]",0
616,40,55474,u,"[0, 0, 0, 0, 0, 0, 0, 0]",0
616,40,55491,u,"[0, 0, 0, 0, 0, 0, 0, 0]",0
616,40,55507,u,"[0, 0, 0, 0, 0, 0, 0, 0]",0
616,40,55524,u,"[0, 0, 0, 0, 0, 0, 0, 0]",0
616,40,55541,u,"[0, 0, 0, 0, 0, 0, 0, 0]",0
616,40,55557,u,"[0, 0, 0, 0, 0, 0, 0, 0]",0
616,40,55574,u,"[0, 0, 0, 0, 0, 0, 0, 0]",0
616,40,55591,u,"[0, 0, 0, 0, 0, 0, 0, 0]",0
616,40,55607,u,"[0, 0, 0, 0, 0, 0, 0, 0]",0
616,40,55624,u,"[0, 0, 0, 0, 0, 0, 0, 0]",0
616,40,55641,u,"[0, 0, 0, 0, 0, 0, 0, 0]",0
616,40,55657,u,"[0, 0, 0, 0, 0, 0, 0, 0]",0
616,40,55674,u,"[0, 0, 0, 0, 0, 0, 0, 0]",0
616,40,55691,u,"[0, 0, 0, 0, 0, 0, 0, 0]",0
616,40,55707,u,"[0, 0, 0, 0, 0, 0, 0, 0]",0
616,40,55724,ur,"[0, 0, 0, 0, 0, 0, 0, 0]",0
616,40,55740,ur,"[0, 0, 0, 0, 0, 0, 0, 0]",0
616,40,55757,r,"[0, 0, 0, 0, 0, 0, 0, 0]",0
616,40,55774,r,"[0, 0, 0, 0, 0, 0, 0, 0]",0
617,40,55790,r,"[0, 0, 0, 0, 0, 0, 0, 0]",0
618,40,55807,r,"[0, 0, 0, 0, 0, 0, 0, 0]",0
619,40,55824,r,"[0, 0, 0, 0, 0, 0, 0, 0]",0
619,40,55840,r,"[0, 0, 0, 0, 0, 0, 0, 0]",0
620,40,55857,r,"[0, 0, 0, 0, 0, 0, 0, 0]",0
621,40,55874,,"[0, 0, 0, 0, 0, 0, 0, 0]",0
622,40,55890,,"[0, 0, 0, 0, 0, 0, 0, 0]",0
622,40,55907,,"[0, 0, 0, 0, 0, 0, 0, 0]",0
622,40,55924,,"[0, 0, 0, 0, 0, 0, 0, 0]",0
622,40,55940,r,"[0, 0, 0, 0, 0, 0, 0, 0]",0
622,40,55957,r,"[0, 0, 0, 0, 0, 0, 0, 0]",0
623,40,55974,r,"[0, 0, 0, 0, 0, 0, 0, 0]",0
624,40,55990,r,"[0, 0, 0, 0, 0, 0, 0, 0]",0
624,40,56007,,"[0, 0, 0, 0, 0, 0, 0, 0]",0
625,40,56024,u,"[0, 0, 0, 0, 0, 0, 0, 0]",0
625,40,56040,u,"[0, 0, 0, 0, 0, 0, 0, 0]",0
625,40,56057,u,"[0, 0, 0, 0, 0, 0, 0, 0]",0
625,40,56074,u,"[0, 0, 0, 0, 0, 0, 0, 0]",0
625,40,56090,u,"[0, 0, 0, 0, 0, 0, 0, 0]",0
625,40,56107,u,"[0, 0, 0, 0, 0, 0, 0, 0]",0
625,40,56124,u,"[0, 0, 0, 0, 0, 0, 0, 0]",0
625,40,56140,u,"[0, 0, 0, 0, 0, 0, 0, 0]",0
625,40,56157,u,"[0, 0, 0, 0, 0, 0, 0, 0]",0
625,40,56174,u,"[0, 0, 0, 0, 0, 0, 0, 0]",0
625,40,56190,u,"[0, 0, 0, 0, 0, 0, 0, 0]",0
625,40,56207,u,"[0, 0, 0, 0, 0, 0, 0, 0]",0
625,40,56224,u,"[0, 0, 0, 0, 0, 0, 0, 0]",0
625,40,56240,u,"[0, 0, 0, 0, 0, 0, 0, 0]",0
625,40,56257,u,"[0, 0, 0, 0, 0, 0, 0, 0]",0
625,40,56274,u,"[0, 0, 0, 0, 0, 0, 0, 0]",0
625,40,56290,u,"[0, 0, 0, 0, 0, 0, 0, 0]",0
625,40,56307,u,"[0, 0, 0, 0, 0, 0, 0, 0]",0
625,40,56324,u,"[0, 0, 0, 0, 0, 0, 0, 0]",0
625,40,56340,u,"[0, 0, 0, 0, 0, 0, 0, 0]",0
625,40,56357,u,"[0, 0, 0, 0, 0, 0, 0, 0]",0
625,40,56374,u,"[0, 0, 0, 0, 0, 0, 0, 0]",0
625,40,56390,u,"[0, 0, 0, 0, 0, 0, 0, 0]",0
625,40,56407,u,"[0, 0, 0, 0, 0, 0, 0, 0]",0
625,40,56424,,"[0, 0, 0, 0, 0, 0, 0, 0]",0
625,40,56440,,"[0, 0, 0, 0, 0, 0, 0, 0]",0
625,40,56457,,"[0, 0, 0, 0, 0, 0, 0, 0]",0
625,40,56474,,"[0, 0, 0, 0, 0, 0, 0, 0]",0
625,40,56490,,"[0, 0, 0, 0, 0, 0, 0, 0]",0
625,40,56507,,"[0, 0, 0, 0, 0, 0, 0, 0]",0
625,40,56524,,"[0, 0, 0, 0, 0, 0, 0, 0]",0
625,40,56540,,"[0, 0, 0, 0, 0, 0, 0, 0]",0
625,40,56557,,"[0, 0, 0, 0, 0, 0, 0, 0]",0
625,40,56574,,"[0, 0, 0, 0, 0, 0, 0, 0]",0
625,40,56590,,"[0, 0, 0, 0, 0, 0, 0, 0]",0
625,40,56607,,"[0, 0, 0, 0, 0, 0, 0, 0]",0
625,40,56624,,"[0, 0, 0, 0, 0, 0, 0, 0]",0
625,40,56640,,"[0, 0, 0, 0, 0, 0, 0, 0]",0
625,40,56657,,"[0, 0, 0, 0, 0, 0, 0, 0]",0
625,40,56674,d,"[0, 0, 0, 0, 0, 0, 0, 0]",0
625,40,56690,d,"[0, 0, 0, 0, 0, 0, 0, 0]",0
625,41,56707,d,"[0, 0, 0, 0, 0, 0, 0, 0]",0
625,42,56724,d,"[0, 0, 0, 0, 0, 0, 0, 0]",0
625,43,56740,d,"[0, 0, 0, 0, 0, 0, 0, 0]",0
625,43,56757,d,"[0, 0, 0, 0, 0, 0, 0, 0]",0
625,44,56774,d,"[0, 0, 0, 0, 0, 0, 0, 0]",0
625,45,56790,d,"[0, 0, 0, 0, 0, 0, 0, 0]",0
625,46,56807,d,"[0, 0, 0, 0, 0, 0, 0, 0]",0
625,47,56824,d,"[0, 0, 0, 0, 0, 0, 0, 0]",0
625,48,56840,d,"[0, 0, 0, 0, 0, 0, 0, 0]",0
625,48,56857,d,"[0, 0, 0, 0, 0, 0, 0, 0]",0
625,49,56874,d,"[0, 0, 0, 0, 0, 0, 0, 0]",0
